# callgrind format
version: 1
creator: callgrind-3.18.1
pid: 1594213
cmd:  ./minirt image/test1.rt
part: 1


desc: I1 cache: 
desc: D1 cache: 
desc: LL cache: 

desc: Timerange: Basic block 0 - 1155428048
desc: Trigger: Program termination

positions: line
events: Ir
summary: 6849612047


ob=(6) /usr/lib/x86_64-linux-gnu/libmd.so.0.0.5
fl=(170) ???
fn=(582) 0x0000000000002210
0 9

ob=(1) /usr/lib/x86_64-linux-gnu/ld-linux-x86-64.so.2
fl=(27) ./elf/./elf/dl-minimal-malloc.c
fn=(76) __minimal_malloc
35 320
+1 64
+11 64
-11 128
+11 128
+3 64
-3 64
+3 372
+18 64
+1 64
+2 256
-16 12
+1 6
+2 3
+1 21
cfi=(60) ./misc/../sysdeps/unix/sysv/linux/mmap64.c
cfn=(194) mmap
calls=3 -12 
* 27
* 3
+2 6
+2 6
+2 3
+4 3
-4 6
-23 1
-1 1
+1 1
+1 2
-2 2

fn=(144) __minimal_free
95 11
+2 44

fn=(72) __minimal_calloc
78 24
+4 24
-4 96
+7 24
+1 72
fi=(28) ./elf/../include/rtld-malloc.h
-30 24
cfi=(27)
cfn=(76)
calls=24 -21 
* 691
fe=(27)

fl=(12) ./elf/./elf/dl-sort-maps.c
fn=(248) dfs_traversal.part.0
140 80
+10 10
-2 10
+2 20
+2 36
+3 48
-3 96
+9 20
+15 30
+1 10
+1 60
-33 5
cfn=(249) dfs_traversal.part.0'2
calls=1 -5 
* 71
+7 2

fn=(249)
140 16
+10 2
-2 2
+2 4
+2 4
+3 4
-3 8
+9 4
+15 6
+1 2
+1 12
-33 5
cfn=(249)
calls=1 -5 
* 24
+7 2

fn=(246) _dl_sort_maps
290 10
+8 1
-8 1
+8 2
+4 8
-79 2
-37 1
+37 1
-36 4
+1 1
-1 1
+1 1
-1 2

ob=(6)
fl=(170)
fn=(582)
0 3

ob=(11) /usr/lib/x86_64-linux-gnu/libX11.so.6.4.0
fl=(176) ???
fn=(642) 0x000000000001a750
0 12

ob=(9) /usr/lib/x86_64-linux-gnu/libXau.so.6.0.0
fl=(173) ???
fn=(612) 0x0000000000001410
0 12

ob=(1)
fl=(12)
fn=(246)
188 11
-1 11
+1 11
-1 22
+36 15
+8 3
-3 1
+2 1
+1 1
-8 1
+5 1
+3 4
+2 33
+2 12
-90 54
cfn=(248)
calls=10 -5 
* 498
+93 24
+18 2
+13 1
+33 1
-26 4
cfi=(29) ./string/../sysdeps/x86_64/multiarch/memmove-vec-unaligned-erms.S
cfn=(80) memcpy
calls=1 -64 
* 27
* 1

fn=(22) _dl_sort_maps_init
281 2
+1 4
cfi=(10) ./elf/./elf/dl-tunables.c
cfn=(24) __tunable_get_val
calls=1 405 
* 20
+2 3
-1 1
+2 2

fl=(22) ./string/../sysdeps/x86_64/multiarch/strlen-vec.S
fn=(60) strlen
41 56
+44 56
+1 56
+1 56
+1 56
+1 56
+1 56
+1 56
+2 56
+2 56
+31 55
+1 55
+1 55
+1 55
+1 55
+1 26
+2 26
+4 29
+1 29
+1 29
+1 29
+1 29
+1 29
+1 29
+1 29
+1 29
+1 29
+1 29
+1 29
+5 232
+4 1
+1 14
+1 6
+15 1
+1 1
+1 2
+51 1
+1 1
+1 1
+1 1
+1 1
+1 1
+1 1
+1 1
+16 1
+2 1
+1 14
+2 1
+1 1
+1 1
+2 1

fl=(23) ./elf/../misc/sbrk.c
fn=(62) sbrk
37 5
+3 1
+18 2
+4 2
+16 5

fl=(45) ./string/./string/strdup.c
fn=(140) strdup
40 55
+1 11
cfi=(22)
cfn=(60)
calls=11 * 
* 367
* 11
fi=(203) ./string/../include/rtld-malloc.h
+15 22
cfi=(27)
cfn=(76)
calls=11 -21 
* 275
fe=(45)
-12 22
+4 11
-1 33
+1 22
-1 11
cfi=(29)
cfn=(80)
calls=11 212 
* 185

fl=(29)
fn=(128) mempcpy
199 64
+1 64
+1 64
+1 64
+17 64
+1 64
+2 14
+1 14
+1 14
+2 6
+1 6
+1 6
+2 6
360 50
+1 50
+2 16
+4 16
+1 11
+1 11
+1 2
+1 2
+1 2
+1 2
+2 2
+2 11
+6 5
+1 5
+1 5
+1 5
+1 5
+29 34
+1 34
+1 34
+1 34
+1 34
+7 8
+1 8
+1 8
+1 8
+1 8
+1 8
+1 8
+11 8
+1 8
+2 8
+1 8
+1 8

fn=(80)
212 56
+1 56
+6 56
+1 56
+2 41
+1 41
+1 41
+2 22
+1 22
+1 22
+2 22
360 15
+1 15
+2 1
+4 1
+1 1
+1 1
+1 1
+1 1
+4 1
+2 1
+39 14
+1 14
+1 14
+1 14
+1 14
+7 17
+1 17
+1 17
+1 17
+1 17
+1 17
+1 17
+11 19
+1 19
+2 19
+1 19
+1 19
+2 2
+1 2
+1 2
+1 2
+1 2
+1 2
+1 2
+1 2
+1 2
+1 2
+1 2
+1 2
+1 2
+1 2
+1 2

fl=(26) ./elf/./elf/dl-object.c
fn=(82) _dl_add_to_namespace_list
31 22
+2 11
-2 22
+2 11
-2 22
+2 11
cfi=(24) ./elf/../sysdeps/nptl/dl-tls_init_tp.c
cfn=(84) rtld_mutex_dummy
calls=11 +9 
* 33
+2 87
+3 260
+2 10
+2 10
+4 10
+4 10
-4 20
+1 10
+4 10
-4 10
+1 10
+3 10
-3 10
+3 10
-1 10
cfi=(24)
cfn=(84)
calls=10 -8 
* 30
-4 1
+4 1
-4 2
+1 1
+4 1
-4 1
+1 1
+3 1
-3 1
+3 1
-1 1
cfi=(24)
cfn=(84)
calls=1 -8 
* 3
-5 2

fn=(70) _dl_new_object
59 154
+3 22
+18 10
+3 10
-3 10
+3 10
cfi=(22)
cfn=(60)
calls=10 -42 
* 188
+4 20
-4 20
+9 20
fi=(28)
-48 30
cfi=(27)
cfn=(72)
calls=10 +34 
* 416
fe=(26)
+48 1
fi=(28)
-48 3
cfi=(27)
cfn=(72)
calls=1 +34 
* 43
* 11
fe=(26)
+51 22
+5 11
-2 11
+6 11
-4 11
+4 11
-5 11
+4 11
+1 11
-1 11
+1 22
cfi=(29)
cfn=(80)
calls=11 212 
* 132
* 22
+2 11
+13 22
+6 1
+2 7
+3 2
-3 70
+3 20
+9 11
-7 11
+4 11
+3 31
+2 1
-2 3
+2 15
-2 45
+16 22
-5 11
+5 11
-6 11
+6 11
-6 11
+6 22
+2 20
+3 20
-3 20
+7 88
+4 20
+8 2
+3 2
+10 3
-10 20
+10 30
+2 10
+21 10
-21 10
cfi=(22)
cfn=(60)
calls=10 41 
* 378
* 30
+17 10
-13 30
+50 30
cfi=(29)
cfn=(128)
calls=10 -46 
* 194
* 10
+5 20
+1 20
-1 272
+1 272
+2 20
+3 10
+3 10
+4 99
131 32
-12 20
+34 1
+7 4
+8 40
fi=(28)
56 20
cfi=(27)
cfn=(76)
calls=10 -21 
* 250
* 10
fe=(26)
200 40
64 2
+2 3
+1 2
+10 5
-6 2

fl=(10)
fn=(54) __GI___tunable_set_val
157 15
-55 5
+55 5
-55 5
+55 5
-55 35
+9 5
+1 5
fi=(204) ./elf/./dl-tunable-types.h
-22 10
fe=(10)
+22 20
+1 40
fi=(11) ./elf/./elf/dl-tunables.h
+8 10
+1 5
fe=(10)
-6 15
fi=(11)
+15 5
fe=(10)
-12 10
+4 10
+7 10
+1 10
+3 30
+1 5
+1 5
+1 5
+24 5
fi=(11)
-30 15
fe=(10)

fn=(18) __GI___tunables_init
282 9
-9 7
71 215
+6 70
-3 70
+3 7140
-3 70
-3 140
357 8
81 140
+5 210
fi=(11)
+54 70
fe=(10)
-54 70
fi=(11)
+54 70
+1 182
-1 147
+1 42
-1 70
+1 140
fe=(10)
323 280
-18 9800
+6 15400
fi=(11)
140 630
+1 1260
-1 25
+1 100
-1 125
fe=(10)

fn=(24)
405 41
+3 287
+9 41
-9 158
+9 10
+17 205
+2 41
-9 31
+1 31

fl=(60)
fn=(194)
47 92
+3 92
+8 184
+2 46

fl=(15) ./elf/../sysdeps/x86/dl-get-cpu-features.c
fn=(508) __x86_cpu_features
71 1
-32 3
+32 2

fn=(32) _dl_x86_init_cpu_features
37 1
+2 3
+2 1
cfi=(16) ./elf/../sysdeps/x86/cpu-features.c
cfn=(34) init_cpu_features.constprop.0
calls=1 399 
* 7219

fl=(56) ./io/../sysdeps/unix/sysv/linux/read_nocancel.c
fn=(180) __read_nocancel
25 10
+1 40
+1 10

fl=(58) ./io/../sysdeps/unix/sysv/linux/fstat64.c
fn=(190) fstat
29 22
+1 22
+5 33
cfi=(59) ./io/../sysdeps/unix/sysv/linux/fstatat64.c
cfn=(192) fstatat
calls=11 153 
* 88

fl=(64) ./io/../sysdeps/unix/sysv/linux/close_nocancel.c
fn=(204) __GI___close_nocancel
25 11
+1 44
+1 11

fl=(77) ./elf/../sysdeps/x86/dl-cet.c
fn=(270) _dl_cet_check
252 8
42 1
+9 1
-10 1
+4 1
-4 1
+3 1
+4 2
+1 2
-1 2
+14 2
254 8

fl=(36) ./posix/../sysdeps/unix/syscall-template.S
fn=(102) uname
120 5
+2 1

fl=(9) ./elf/../elf/dl-sysdep.c
fn=(16) _dl_sysdep_start
85 4
+25 1
-25 6
+25 1
-1 1
+1 219
+11 1
-8 1
+1 1
-4 1
+3 1
+6 1
+2 13
-34 1
-1 1
+36 119
+3 1
+1 1
-5 94
+57 1
-57 1
+58 1
-1 1
-57 3
+29 1
-29 1
+30 1
-1 1
-29 3
+41 1
-41 1
+42 1
-1 1
-41 3
+35 1
-35 1
+36 1
-1 1
-35 3
+32 1
-32 1
+33 1
-1 1
-32 3
+13 1
-13 1
+14 1
-1 1
-13 3
+10 1
-10 1
+11 1
-1 1
-10 3
+7 1
-7 4
224 1
cfi=(10)
cfn=(18)
calls=1 +58 
* 36490
+3 1
cfi=(12)
cfn=(22)
calls=1 +54 
* 32
fi=(13) ./elf/../sysdeps/unix/sysv/linux/dl-sysdep.c
36 2
cfi=(14) ./elf/../sysdeps/unix/sysv/linux/brk.c
cfn=(28) brk
calls=1 -1 
* 8
fi=(6) ./elf/../sysdeps/x86_64/dl-machine.h
215 1
cfi=(15)
cfn=(32)
calls=1 37 
* 7224
fe=(9)
+23 3
+1 1
cfi=(22)
cfn=(60)
calls=1 41 
* 17
* 1
+2 2
cfi=(23)
cfn=(62)
calls=1 37 
* 15
* 3
+12 3
+3 5
cfi=(2) ./elf/./elf/rtld.c
cfn=(64) dl_main
calls=1 1320 
* 488985
+2 9

fn=(536) _dl_sysdep_start_cleanup
262 1
+1 1

fl=(164) ./elf/./elf/dl-init.c
fn=(546) _dl_init
77 12
+1 1
+1 1
+3 3
+8 2
+25 1
+1 5
+1 2
-86 4
+86 22
-86 44
+2 68
cfn=(548) call_init.part.0
calls=11 -7 
* 775
+83 36
+7 8
-92 4
+2 6
cfn=(548)
calls=1 -7 
* 61
+52 2

fn=(548)
26 96
+13 12
-13 12
+16 12
-3 24
+3 24
+5 22
+8 33
+1 54
cob=(2) ???
cfi=(51) ???
cfn=(648) 0x000000000485e000
calls=1 -56 
* 7
cob=(2)
cfi=(51)
cfn=(638) 0x0000000004888000
calls=1 -56 
* 7
cob=(2)
cfi=(51)
cfn=(628) 0x00000000049bd000
calls=1 -56 
* 7
cob=(2)
cfi=(51)
cfn=(618) 0x0000000004cca000
calls=1 -56 
* 7
cob=(2)
cfi=(51)
cfn=(608) 0x0000000004cec000
calls=1 -56 
* 7
cob=(2)
cfi=(51)
cfn=(598) 0x0000000004cf3000
calls=1 -56 
* 7
cob=(2)
cfi=(51)
cfn=(588) 0x0000000004cfd000
calls=1 -56 
* 7
cob=(2)
cfi=(51)
cfn=(578) 0x0000000004d13000
calls=1 -56 
* 7
cob=(2)
cfi=(51)
cfn=(550) 0x000000000483f000
calls=1 -56 
* 26
+3 11
+1 22
+6 18
+2 18
-2 9
+3 55
+1 4
cob=(3) /usr/lib/x86_64-linux-gnu/libc.so.6
cfi=(169) ./libio/./libio/vtables.c
cfn=(576) check_stdfiles_vtables
calls=1 +13 
* 12
* 36
cob=(12) /usr/lib/x86_64-linux-gnu/libXext.so.6.4.0
cfi=(177) ???
cfn=(652) 0x0000000000004890
calls=1 -70 
* 12
cob=(11)
cfi=(176)
cfn=(642)
calls=1 -70 
* 12
cob=(4) /usr/lib/x86_64-linux-gnu/libm.so.6
cfi=(175) ???
cfn=(632) 0x000000000000e460
calls=1 -70 
* 12
cob=(10) /usr/lib/x86_64-linux-gnu/libxcb.so.1.1.0
cfi=(174) ???
cfn=(622) 0x000000000000b700
calls=1 -70 
* 12
cob=(9)
cfi=(173)
cfn=(612)
calls=1 -70 
* 12
cob=(8) /usr/lib/x86_64-linux-gnu/libXdmcp.so.6.0.0
cfi=(172) ???
cfn=(602) 0x0000000000002250
calls=1 -70 
* 12
cob=(7) /usr/lib/x86_64-linux-gnu/libbsd.so.0.11.5
cfi=(171) ???
cfn=(592) 0x00000000000050f0
calls=1 -70 
* 12
cob=(6)
cfi=(170)
cfn=(582)
calls=1 -70 
* 12
cob=(3)
cfi=(166) ./csu/./csu/init-first.c
cfn=(568) _init_first
calls=1 -24 
* 80
-1 30
+3 72
-29 2

fl=(79) ./elf/./elf/dl-lookup.c
fn=(284) check_match
70 412
+3 412
-3 4944
+3 1628
+13 402
-13 402
+13 402
-13 402
+13 1206
+3 1860
cfi=(32) ./string/../sysdeps/x86_64/strcmp.S
cfn=(90) strcmp
calls=264 +19 
* 12037
* 528
+4 402
+1 804
+2 574
+19 574
+1 2296
+2 24
-40 390
+84 2340
-18 230
+2 230
+1 115
-1 230
+1 345
-1 230
+9 12
+7 132
-45 825
cfi=(32)
cfn=(90)
calls=275 -9 
* 7955
* 550
-44 40
+82 20

fn=(282) do_lookup_x
363 3368
+1 421
-1 2105
+48 421
-30 842
-11 421
+41 421
-30 1263
+30 421
fi=(80) ./elf/../sysdeps/generic/dl-protected.h
44 1263
fe=(79)
381 421
fi=(80)
44 1684
fe=(79)
395 7647
+4 2549
+4 2549
-3 2549
+3 10196
+1 7647
+3 2549
+1 5098
+7 2549
-3 5098
-2 2549
+5 10196
+3 17843
570 6480
374 5100
+3 5100
+4 5112
+4 5098
+4 5098
+88 780
fi=(4) ./elf/../sysdeps/generic/ldsodefs.h
137 780
+1 1170
fe=(79)
528 780
fi=(80)
29 780
fe=(79)
535 2764
+16 780
+1 390
+1 780
422 2004
-1 1002
+2 1002
+2 5820
+13 1866
-10 5060
+3 412
-1 824
+1 412
-1 412
+2 824
-1 4944
cfn=(284)
calls=412 70 
* 42953
+4 1236
+3 44
573 31
+1 3368
-35 267
-70 190
171 665
452 3120

fn=(280) _dl_lookup_symbol_x
840 4210
+10 421
-10 842
+10 421
-10 421
+10 421
204 421
840 421
204 2105
581 1684
-1 842
+2 421
-1 421
+1 1263
-1 1263
+1 4863
-1 4863
+1 14589
-1 14589
+2 421
846 421
-4 421
+1 421
+7 421
-8 421
+1 421
+7 1246
+3 421
+2 842
-2 421
+6 842
-7 2526
+7 155
+1 5894
cfn=(282)
calls=421 363 
* 209518
* 1263
+28 421
-23 421
+23 421
-23 842
+24 2324
+7 390
-7 390
+40 1560
+79 780
-65 1170
+3 1170
-62 421
+69 3789
-86 186
+18 93
+59 2

fl=(7) ./elf/./elf/dl-minimal.c
fn=(12) __rtld_malloc_init_stubs
42 1
+1 2
+1 2
+1 2
+1 2
+1 1

fn=(500) lookup_malloc_symbol
61 8
+3 4
-3 16
+3 4
-3 4
+3 8
-1 4
+1 12
cfi=(79)
cfn=(280)
calls=4 840 
* 2632
+4 28
+1 28
+2 4
fi=(152) ./elf/./dl-sym-post.h
-30 8
+12 12
fe=(7)
+19 20

fn=(136) strsep
239 2
+3 4
+2 2
+1 4
+4 33
+7 84
-2 56
+13 1
+4 4
-22 14
+15 14
-15 30

fn=(496) __rtld_malloc_init_real
76 2
+10 1
fi=(151) ./elf/../sysdeps/generic/dl-hash.h
-41 1
fe=(7)
+31 1
fi=(151)
-32 1
fe=(7)
+32 5
+11 1
-1 1
fi=(151)
-43 1
+5 3
+14 4
-17 3
+3 15
+14 20
-17 15
fe=(7)
+46 2
fi=(151)
-24 1
fe=(7)
+22 1
+2 2
fi=(151)
-19 1
fe=(7)
+19 1
cfn=(500)
calls=1 -30 
* 707
+1 3
-1 1
+1 1
cfn=(500)
calls=1 -31 
* 707
+1 3
-1 1
+1 1
cfn=(500)
calls=1 -32 
* 693
+1 3
-1 1
+1 1
cfn=(500)
calls=1 -33 
* 685
+5 1
+1 1
+1 1
+1 1
+1 7

fl=(32)
fn=(90)
108 1175
+33 1175
+1 1175
+2 1175
+1 1175
+21 1175
+1 1175
+1 976
+1 976
+1 737
+1 737
+1 737
+1 737
+21 737
+1 737
+1 737
+1 737
+1 737
+1 737
+1 737
+5 18
+1 54
+9 18
+1 18
+1 18
+1 18
+1 18
+1 18
+1 18
+1 18
-7 438
+1 438
+1 438
+1 438
+1 438
+1 438
+1 438
+1 438
+1 443
+1 202
+1 202
+1 202
+2 202
+1 202
+1 202
+1 202
+1 202
+1 202
-5 241
+1 241
+1 241
+1 241
+1 241
+1 241
+10 13
+1 13
+1 13
+2 13
+6 13
+1 13
+1 13
+1 13
+1 13
+5 13
+2 7
+1 7
+1 14
+8 7
+1 7
+3 7
+1 7
+1 7
+1 7
+1 7
+1 7
+31 2
+1 2
+1 2
+1 2
+1 2
+2 2
+1 2
+1 2
+1 2
+1 2
+1 2
+1 2
+1 2
+3 2
+1 2
+1 2
+6 2
+1 2
+1 4
+4 2
+1 2
+3 2
+1 2
+1 2
+3 2
+1 2
+1 2
+6 2
+1 2
+1 2
+1 2
+1 2
+1 2
+78 11
+1 11
+1 11
+1 11
+1 11
+2 11
+1 11
+1 11
+1 11
+1 11
+1 11
+1 11
+1 1
+3 1
+1 1
+1 1
+6 1
+1 1
+1 2
+4 1
+1 1
+3 1
+1 1
+1 1
+3 1
+1 1
+1 1
+6 1
+1 1
+1 1
+1 1
+1 1
+1 1
+72 4
+1 4
+1 4
+1 4
+1 4
+2 4
+1 4
+1 4
+1 4
+1 4
+1 4
+1 4
+1 4
+4 4
+1 4
+1 4
+6 4
+1 4
+1 8
+4 4
+1 4
+3 4
+1 4
+1 4
+3 4
+1 4
+1 4
+6 4
+1 4
+1 4
+1 4
+1 4
+1 4
+72 3
+1 3
+1 3
+1 3
+1 3
+2 3
+1 3
+1 3
+1 3
+1 3
+1 3
+1 3
+1 3
+4 3
+1 3
+1 3
+6 3
+1 3
+1 6
+4 3
+1 3
+3 3
+1 3
+1 3
+3 3
+1 3
+1 3
+6 3
+1 3
+1 3
+1 3
+1 3
+1 3
+72 20
+1 20
+1 20
+1 20
+1 20
+2 20
+1 20
+1 20
+1 20
+1 20
+1 20
+1 20
+1 20
+4 20
+1 20
+1 20
+6 20
+1 20
+1 40
+4 20
+1 20
+3 20
+1 20
+1 20
+3 20
+1 20
+1 20
+6 20
+1 20
+1 20
+1 20
+1 20
+1 20
+72 4
+1 4
+1 4
+1 4
+1 4
+2 4
+1 4
+1 4
+1 4
+1 4
+1 4
+1 4
+1 4
+4 4
+1 4
+1 4
+6 4
+1 4
+1 8
+4 4
+1 4
+3 4
+1 4
+1 4
+3 4
+1 4
+1 4
+6 4
+1 4
+1 4
+1 4
+1 4
+1 4
+72 17
+1 17
+1 17
+1 17
+1 17
+2 17
+1 17
+1 17
+1 17
+1 17
+1 17
+1 17
+1 7
+4 7
+1 7
+1 7
+6 7
+1 7
+1 14
+4 7
+1 7
+3 7
+1 7
+1 7
+3 7
+1 7
+1 7
+6 7
+1 7
+1 7
+1 7
+1 7
+1 7
+7 1
+1 1
+2 1
+1 1
+2 1
+1 1
+1 1
+3 1
+1 1
+1 1
+6 1
+1 1
+1 1
+1 1
+1 1
+1 1
+41 21
+1 21
+1 21
+1 21
+1 21
+2 21
+1 21
+1 21
+1 21
+1 21
+1 21
+1 21
+1 10
+4 10
+1 10
+1 10
+6 10
+1 10
+1 20
+4 10
+1 10
+3 10
+1 10
+1 10
+3 10
+1 10
+1 10
+6 10
+1 10
+1 10
+1 10
+1 10
+1 10
+72 53
+1 53
+1 53
+1 53
+1 53
+2 53
+1 53
+1 53
+1 53
+1 53
+1 53
+1 53
+1 22
+4 22
+1 22
+1 22
+6 22
+1 22
+1 44
+4 22
+1 22
+3 22
+1 22
+1 22
+3 22
+1 22
+1 22
+6 22
+1 22
+1 22
+1 22
+1 22
+1 22
+72 70
+1 70
+1 70
+1 70
+1 70
+2 70
+1 70
+1 70
+1 70
+1 70
+1 70
+1 70
+1 27
+4 27
+1 27
+1 27
+6 27
+1 27
+1 54
+4 27
+1 27
+3 27
+1 27
+1 27
+3 27
+1 27
+1 27
+6 27
+1 27
+1 27
+1 27
+1 27
+1 27
+72 25
+1 25
+1 25
+1 25
+1 25
+2 25
+1 25
+1 25
+1 25
+1 25
+1 25
+1 25
+1 9
+4 9
+1 9
+1 9
+6 9
+1 9
+1 18
+4 9
+1 9
+3 9
+1 9
+1 9
+3 9
+1 9
+1 9
+6 9
+1 9
+1 9
+1 9
+1 9
+1 9
+72 32
+1 32
+1 32
+1 32
+1 32
+2 32
+1 32
+1 32
+1 32
+1 32
+1 32
+1 32
+1 12
+4 12
+1 12
+1 12
+6 12
+1 12
+1 24
+4 12
+1 12
+3 12
+1 12
+1 12
+3 12
+1 12
+1 12
+6 12
+1 12
+1 12
+1 12
+1 12
+1 12
+72 55
+1 55
+1 55
+1 55
+1 55
+2 55
+1 55
+1 55
+1 55
+1 55
+1 55
+1 55
+1 12
+4 12
+1 12
+1 12
+6 12
+1 12
+1 24
+4 12
+1 12
+3 12
+1 12
+1 12
+3 12
+1 12
+1 12
+6 12
+1 12
+1 12
+1 12
+1 12
+1 12
+72 40
+1 40
+1 40
+1 40
+1 40
+2 40
+1 40
+1 40
+1 40
+1 40
+1 40
+1 40
+1 16
+4 16
+1 16
+1 16
+6 16
+1 16
+1 32
+4 16
+1 16
+3 16
+1 16
+1 16
+3 16
+1 16
+1 16
+6 16
+1 16
+1 16
+1 16
+1 16
+1 16
+72 86
+1 86
+1 86
+1 86
+1 86
+2 86
+1 86
+1 86
+1 86
+1 86
+1 86
+1 86
+2 23
+4 23
+1 23
+1 23
+6 23
+1 23
+2 46
+4 23
+1 23
+3 23
+1 23
+1 23
+3 23
+1 23
+1 23
+6 23
+1 23
+1 23
+1 23
+1 23
+1 23
+74 179
+2 179
+1 179
+1 179
+1 179
-3 277
+1 277
+1 277
+1 277
+1 404
+5 202
+6 202
+1 202
+8 202
+1 202
-16 973
+6 973
+1 973
+8 973
+1 973

fl=(68) ./elf/./elf/dl-cache.c
fn=(540) _dl_unload_cache
537 1
+1 4
-1 1
+3 2
cfi=(71) ./misc/../sysdeps/unix/syscall-template.S
cfn=(542) munmap
calls=1 117 
* 6
+1 1
+4 1
+2 2

fn=(222) _dl_load_cache_lookup
416 90
+2 18
+3 27
+69 24
+5 8
208 8
495 17
208 1
495 2
+3 27
fi=(70) ./elf/../sysdeps/x86/dl-procinfo.h
39 18
+3 27
cfi=(32)
cfn=(90)
calls=9 +66 
* 225
* 36
fe=(68)
212 54
cfi=(10)
cfn=(24)
calls=9 405 
* 189
* 9
+16 18
-16 9
+6 18
+10 9
-7 45
+9 27
+1 9
-37 18
+37 9
+4 18
-5 231
+1 77
-37 154
+37 77
+4 154
+4 258
cfn=(230) _dl_cache_libcmp
calls=86 370 
* 7000
+1 172
359 77
+3 70
228 70
360 42
228 111
+2 45
+20 18
+3 18
+2 36
cfn=(230)
calls=9 370 
* 691
* 18
-7 18
-30 18
+1 9
+95 9
-95 9
-1 72
+96 27
-47 18
+10 18
+1 27
fi=(69) ./elf/../sysdeps/generic/dl-cache.h
125 45
fe=(68)
294 18
+9 18
+3 18
+2 27
+1 18
+5 18
+1 36
+7 18
+21 36
513 18
+12 18
cfi=(22)
cfn=(60)
calls=9 41 
* 315
* 108
+1 9
-1 9
+1 9
-1 9
+1 9
cfi=(29)
cfn=(80)
calls=9 212 
* 155
* 9
+1 9
cfi=(45)
cfn=(140)
calls=9 40 
* 857
+1 72
-3 18
424 4
cfi=(54) ./elf/./elf/dl-misc.c
cfn=(224) _dl_sysdep_read_whole_file
calls=1 36 
* 91
* 1
+8 5
+1 8
+3 4
+1 1
-1 3
fi=(69)
194 1
+1 5
fe=(68)
444 1
+1 2

fn=(230)
370 95
+1 95
+32 95
-33 190
+1 212
+2 509
+2 509
-2 1018
+20 994
+2 990
-12 412
+2 412
+14 412
+1 412
-29 824
+32 27
-28 24
+8 11
-2 22
+1 22
-1 11
+2 35
+1 6
-1 8
+2 11
-3 11
+3 33
+1 6
-1 8
+2 22
+7 2
+10 2
-8 249
-5 2

fl=(49) ./elf/./elf/dl-audit.c
fn=(206) _dl_audit_objopen
76 10
+1 40

fn=(682) _dl_audit_preinit
117 1
+1 4

fn=(538) _dl_audit_activity_nsid
40 2
+4 1
-4 1
+4 1
-4 1
+4 1
-4 2
+4 1
+1 1
+1 4
+4 6

fn=(154) _dl_audit_activity_map
28 6
+2 1
-1 1
+1 2
+6 6

fl=(47) ./elf/../elf/dl-tls.c
fn=(264) _dl_allocate_tls_storage
422 2
+13 1
-13 2
+2 1
+12 1
fi=(28)
56 1
cfi=(27)
cfn=(76)
calls=1 -21 
* 25
fe=(47)
437 3
+8 2
fi=(28)
44 1
fe=(47)
445 2
+1 1
+4 321
+19 1
-99 1
+4 1
+1 1
fi=(28)
44 1
cfi=(27)
cfn=(72)
calls=1 +34 
* 36
fe=(47)
376 2
+3 1
+6 2
+90 5

fn=(148) _dl_count_modids
197 1
+2 2
+1 1
+15 2

fn=(238) _dl_assign_tls_modid
131 2
+3 1
+13 1
-13 1
+52 1
+2 1
+3 1
+1 2

fn=(262) _dl_determine_tlsoffset
221 8
+6 3
+3 2
+36 3
+2 1
-2 1
-2 1
-40 1
-1 1
-1 1
+46 2
+23 3
+3 1
-3 4
+2 2
-2 1
-25 1
+20 1
-20 5
+2 2
+3 1
-1 1
+5 2
-5 1
+1 1
-1 1
+3 2
+2 3
+32 3
-1 1
+1 4
+2 2
-2 2
+53 8

fn=(412) _dl_add_to_slotinfo
1015 8
+6 1
+3 1
+1 1
+4 3
+34 2
+3 3
+1 3
+3 6

fn=(486) _dl_allocate_tls_init
528 10
+1 2
+4 1
+6 1
-6 1
+6 1
cfi=(24)
cfn=(84)
calls=1 42 
* 3
+3 3
+12 1
-18 1
-1 1
+43 3
-19 13
+9 3
+1 2
+6 3
+1 1
+2 2
-2 1
+6 1
-4 2
+4 1
-4 2
+3 2
+4 2
+1 4
+2 2
+1 2
+17 1
-8 1
+8 1
+2 3
cfi=(29)
cfn=(128)
calls=1 199 
* 13
* 5
cfi=(44) ./string/../sysdeps/x86_64/multiarch/memset-vec-unaligned-erms.S
cfn=(132) memset
calls=1 125 
* 25
-49 1
+55 1
-55 4
+6 4
+55 2
cfi=(24)
cfn=(84)
calls=1 42 
* 3
+3 2
+3 9

fn=(260) _dl_tls_static_surplus_init
97 2
+4 1
-4 2
+4 1
-4 2
+4 3
cfi=(10)
cfn=(24)
calls=1 405 
* 21
* 1
+1 4
cfi=(10)
cfn=(24)
calls=1 405 
* 21
* 1
+8 1
-8 1
+6 2
+2 3
+3 1
+2 1
-32 3
+34 3
+1 5

fl=(31) ./elf/./elf/dl-load.c
fn=(106) _dl_init_paths
706 11
+14 1
-14 2
+14 2
cfi=(38) ./elf/./elf/dl-hwcaps.c
cfn=(108) _dl_important_hwcaps
calls=1 175 
* 1847
fi=(28)
56 1
fe=(31)
720 1
fi=(28)
56 1
cfi=(27)
cfn=(76)
calls=1 -21 
* 25
fe=(31)
725 1
+2 2
+7 2
+1 2
-1 3
+5 3
fi=(28)
56 1
cfi=(27)
cfn=(76)
calls=1 -21 
* 25
fe=(31)
739 1
+2 4
+17 1
-10 1
+19 1
-11 1
-9 1
+9 1
+12 2
-10 1
+3 2
+9 1
-7 1
+4 1
+3 2
-3 1
-8 1
+3 1
+8 1
-3 1
+1 16
cfi=(44)
cfn=(132)
calls=4 125 
* 72
+2 18
-14 3
+10 3
+4 3
-12 3
-2 3
+2 3
+4 3
-3 3
+3 3
+1 3
-2 3
+5 6
+1 3
-4 3
+4 3
+15 1
+3 1
-15 1
+7 1
-1 1
+9 2
+2 4
+2 3
+36 5
+2 2
cfi=(22)
cfn=(60)
calls=1 41 
* 17
* 9
-19 1
-2 1
+2 2
+19 9
cfi=(29)
cfn=(80)
calls=1 212 
* 11
* 1
+5 4
-1 2
+2 1
+1 2
-2 4
+1 13
+1 26
-2 52
+5 1
fi=(28)
56 1
cfi=(27)
cfn=(76)
calls=1 -21 
* 25
fe=(31)
836 1
fi=(28)
56 1
fe=(31)
838 2
+6 6
cfn=(134) fillin_rpath.isra.0
calls=1 468 
* 587
+3 3
+6 1
+4 8
-35 2
+5 2

fn=(138) expand_dynamic_string_token
385 14
241 2
385 2
241 2
385 2
241 2
cfi=(42) ./string/../sysdeps/x86_64/multiarch/../strchr.S
cfn=(118) index
calls=2 23 
* 72
+3 4
410 2
-11 2
+11 12
-11 2
cfi=(45)
cfn=(140)
calls=2 40 
* 168

fn=(134)
468 7
+4 1
-4 8
+6 3
cfi=(7)
cfn=(136)
calls=1 239 
* 240
* 3
cfi=(7)
cfn=(136)
calls=1 239 
* 8
* 6
+7 2
+2 3
cfn=(138)
calls=1 -98 
* 118
* 1
+4 2
+5 2
cfi=(22)
cfn=(60)
calls=1 41 
* 17
* 1
+1 2
+7 5
+9 15
+1 8
+55 2
fi=(28)
50 2
cfi=(27)
cfn=(144)
calls=1 +45 
* 5
+1 1
fe=(31)
528 2
+4 3
fi=(28)
56 1
cfi=(27)
cfn=(76)
calls=1 -21 
* 25
* 1
fe=(31)
534 2
+5 1
+1 2
-1 1
-1 1
+2 1
cfi=(29)
cfn=(128)
calls=1 199 
* 13
+3 1
-3 1
+1 1
+2 1
+6 1
+1 1
-1 3
+1 11
+1 1
-1 1
+1 2
-1 2
+1 1
-1 1
+1 2
-1 6
+1 1
-1 1
+1 1
-1 3
+1 1
-1 2
+3 1
+1 1
-1 1
+1 2
+1 1
+6 2
+1 2
-57 4
+66 1
+3 8
-46 4

fn=(88) _dl_process_pt_gnu_property
868 11
+8 11
-8 11
+8 11
-6 11
+12 22
-13 11
+13 11
-13 11
+13 22
+3 33
+1 22
+1 22
+43 11

fn=(176) open_verify.constprop.1
1568 11
+39 3
+19 4
cfi=(55) ./io/../sysdeps/unix/sysv/linux/open64_nocancel.c
cfn=(178) __open_nocancel
calls=1 28 
* 19
* 1
+2 2
+11 1
+6 2
-5 1
+5 8
cfi=(56)
cfn=(180)
calls=1 25 
* 6
+2 2
+2 2
+2 2
+6 2
+17 11
fi=(28)
50 2
cfi=(27)
cfn=(144)
calls=1 +45 
* 5
fe=(31)
1856 9
1674 3
+74 2
+5 2
+2 4
+6 2
+6 1
+1 1
-1 3
+1 1
-1 1
+1 2
+1 2
+20 3
+31 1
-31 1
1633 1
1820 2
-31 66
+1 28
+1 8
+4 8
+25 12
+3 18
+3 2
-4 2
+4 4
+6 4
-36 6

fn=(184) _dl_map_object_from_fd
944 100
+10 10
-10 40
+10 10
cfi=(46) ./elf/./elf/dl-debug.c
cfn=(186) _dl_debug_update
calls=10 38 
* 70
* 10
+7 40
+85 40
+10 20
+7 70
cfi=(26)
cfn=(70)
calls=10 59 
* 3486
* 10
+1 20
+11 20
+5 10
-5 10
+1 20
+1 10
+2 10
-2 10
+2 20
+1 30
+1 18
+19 18
-2 9
+2 92
-2 1
+2 110
+10 40
+85 10
-58 10
-34 10
-1 10
+93 10
+6 10
-64 20
+9 10
+55 20
-55 10
-42 10
+97 20
1101 10
-5 20
+15 268
+20 2
+1 1
-22 309
+1 591
1213 20
1110 10
1213 20
1110 30
1218 30
+10 20
+1 10
-1 10
+1 10
-1 30
+1 30
-1 30
+1 30
-1 90
1076 20
1235 20
+10 40
+7 20
fi=(61) ./elf/./dl-map-segments.h
96 10
fe=(31)
1252 30
fi=(61)
28 10
fe=(31)
1252 10
fi=(61)
96 10
fe=(31)
1252 10
fi=(61)
28 20
+1 80
cfi=(60)
cfn=(194)
calls=10 +18 
* 90
+74 20
-1 10
-73 10
+74 10
+3 20
+1 10
+2 10
-3 10
+1 10
+2 10
+7 24
+3 12
cfi=(71)
cfn=(234) mprotect
calls=3 -2 
* 18
* 9
+7 10
+2 10
fi=(62) ./elf/./dl-load.h
-37 80
+1 30
+2 80
fi=(61)
+56 160
+8 10
-2 10
+1 10
+2 10
-1 10
+1 10
-1 30
+8 20
+3 20
+8 70
cfi=(44)
cfn=(132)
calls=10 -52 
* 1090
+1 20
+5 20
+12 40
-59 200
+2 60
+3 30
-3 60
+2 240
cfi=(60)
cfn=(194)
calls=30 -93 
* 270
* 90
fi=(57) ./elf/../sysdeps/posix/dl-fileid.h
37 30
cfi=(58)
cfn=(190)
calls=10 -8 
* 150
* 20
fe=(31)
999 20
fi=(57)
40 30
fe=(31)
999 10
fi=(57)
40 10
fe=(31)
999 235
+1 130
fi=(57)
49 220
fe=(31)
1515 90
1018 20
+66 13
+1 2
-1 1
+1 1
-1 1
+1 1
cfi=(72) ./io/../sysdeps/unix/sysv/linux/pread64_nocancel.c
cfn=(236) __pread64_nocancel
calls=1 25 
* 7
* 2
+26 122
+26 240
+10 40
-1 40
-1 40
+2 40
+2 40
-2 40
-1 240
+2 80
+1 40
+2 40
-3 40
+3 240
+2 80
+4 80
+1 150
+4 30
+1 30
-1 30
+1 210
-18 30
+28 30
-11 10
+1 10
-1 10
+1 70
-18 10
+28 10
-56 20
+7 10
+2 10
-2 10
+1 10
+1 10
-1 20
+1 80
+50 3
+5 1
-1 2
+5 1
-5 2
-56 1
+61 4
+1 1
+3 1
-3 1
+8 4
+15 20
+1 10
+58 40
+1 30
fi=(63) ./elf/./elf/get-dynamic-info.h
39 20
+6 10
-2 10
+2 20
+9 10
+5 10
+3 10
+2 10
-3 10
-3 10
-3 164
+13 48
-23 192
+23 200
-23 800
+4 496
+5 232
+2 50
+3 40
+13 40
+10 32
+1 40
+1 40
+1 40
+2 40
+5 39
+1 39
+1 40
+3 30
+5 18
+7 20
+1 30
+22 30
+5 8
+2 8
+2 8
+2 8
+4 30
+2 9
+1 6
+9 6
+6 6
+4 20
fe=(31)
1275 20
+1 20
+2 20
+10 30
+19 30
+2 50
+52 30
+1 2
+6 80
+1 186
+6 40
cfn=(88)
calls=10 868 
* 200
-7 246
+1 113
+6 113
-6 226
fi=(30) ./elf/../sysdeps/x86/dl-prop.h
95 80
213 10
-1 20
105 20
212 10
105 10
-2 10
-3 10
+2 10
+3 10
-4 20
+92 40
-1 10
-87 30
+3 30
+1 20
+1 20
+4 30
+4 30
+3 30
+1 20
+4 10
+1 40
+58 30
+2 40
-56 24
+1 12
+3 24
+3 12
+1 48
+5 24
+2 24
+5 24
+14 12
-1 24
+2 4
-1 20
fe=(31)
1380 20
cfi=(64)
cfn=(204)
calls=10 25 
* 60
* 20
+13 20
+2 40
+2 20
+16 20
cfi=(8) ./elf/./elf/dl-setup_hash.c
cfn=(14) _dl_setup_hash
calls=10 25 
* 290
+4 20
+1 20
+17 20
+1 1
+3 1
+5 1
-5 1
+5 1
-5 9
+5 9
-5 9
+5 9
+10 20
+7 60
+10 20
+1 4
+5 2
cfi=(47)
cfn=(238)
calls=1 131 
* 10
+7 30
cfi=(26)
cfn=(82)
calls=10 31 
* 630
+3 40
+23 70
+1 30
cfi=(49)
cfn=(206)
calls=10 76 
* 50
* 10
fi=(62)
95 45
+2 9
-1 18
+1 9
-1 9
+1 9
-1 9
+1 9
-1 18
+3 36
fe=(31)
1506 50
fi=(30)
198 40
+2 10
+1 10
+2 10
-3 30
fe=(31)
1368 30
fi=(63)
62 40
+2 40
166 6
-22 4
fe=(31)
1084 2
fi=(61)
187 16
cfi=(60)
cfn=(194)
calls=2 47 
* 18
+3 4
fe=(31)
1462 15
+2 4
-1 20
+1 4
-1 4
+1 4
-1 4
cfi=(32)
cfn=(90)
calls=4 108 
* 148
* 8
+2 5
1275 14
fi=(57)
49 24
fi=(30)
170 6
-39 4
fe=(31)

fn=(172) _dl_map_object
2022 210
+8 42
+1 84
+3 525
+5 910
+2 390
cfi=(54)
cfn=(174) _dl_name_match_p
calls=130 68 
* 13175
* 260
+4 238
+1 357
+4 80
-1 400
+1 80
+1 80
-1 80
+1 80
cfi=(32)
cfn=(90)
calls=80 108 
* 3342
* 160
2329 189
2068 10
+1 10
-1 10
+1 10
-1 10
+1 10
-1 20
-44 10
+53 30
+17 20
-2 10
+2 10
cfi=(42)
cfn=(118)
calls=10 23 
* 240
* 20
2260 2
-1 3
cfn=(138)
calls=1 385 
* 168
+2 1
-3 1
+1 1
+2 2
+4 5
cfn=(176)
calls=1 1568 
* 283
+3 2
-3 1
+3 1
+12 4
+46 1
+1 3
-1 1
+1 9
cfn=(184)
calls=1 944 
* 1819
-1 9
+1 27
-1 9
+1 81
cfn=(184)
calls=9 944 
* 18344
* 30
2098 18
cfi=(22)
cfn=(60)
calls=9 41 
* 153
* 18
+2 18
+7 36
+51 99
cfn=(216) open_path
calls=9 1870 
* 3960
+6 9
-6 9
+6 36
682 9
2165 9
682 18
+3 8
2252 18
+28 36
+2 36
2111 9
696 27
2111 9
+1 9
696 18
2116 63
682 21
2117 21
682 42
+3 8
+3 12
2173 9
+14 18
+2 27
+4 18
cfi=(68)
cfn=(222)
calls=9 416 
* 12506
* 9
+2 18
+4 18
+8 27
+23 54
cfn=(218) open_verify.constprop.0
calls=9 1568 
* 2650
+4 18
-4 9
+4 9
+1 18
691 4
+1 4
2131 45
+1 90
682 9
2133 9
682 18
2157 27
+1 18
688 12
+3 4
+1 4
2142 18

fn=(216)
1870 72
+1 9
-1 54
+1 9
+6 18
+5 144
-7 18
+7 9
-8 9
+8 18
+3 18
+9 54
+7 27
+1 9
-1 9
cfi=(29)
cfn=(128)
calls=9 199 
* 117
-12 9
+12 9
+59 45
-58 36
+3 180
+5 144
cfi=(29)
cfn=(128)
calls=18 199 
* 238
* 72
cfi=(29)
cfn=(128)
calls=18 199 
* 234
+3 36
+6 54
+3 108
cfn=(218)
calls=18 1568 
* 972
* 18
+2 54
+2 20
+65 72
+7 18
-2 18
+2 18
+3 27
-13 9
+27 81
-65 32
+2 16
-50 450
+29 20
+1 70
+6 20
+2 10
-2 10
+2 20
cfi=(67) ./io/../sysdeps/unix/sysv/linux/stat64.c
cfn=(220) stat
calls=10 28 
* 158
* 10
+3 10
-3 20
+1 1
+2 2
-2 1
+2 26
-61 18

fn=(218)
1568 297
+39 81
+19 108
cfi=(55)
cfn=(178)
calls=27 28 
* 567
* 27
+2 54
+11 9
+6 18
-5 9
+5 72
cfi=(56)
cfn=(180)
calls=9 25 
* 54
+2 18
+2 18
+2 18
+6 18
+17 99
fi=(28)
50 18
cfi=(27)
cfn=(144)
calls=9 +45 
* 45
fe=(31)
1856 243
1674 27
+74 18
+5 18
+2 36
+6 18
+6 9
+1 9
-1 27
+1 9
-1 9
+1 18
+1 16
+20 27
+31 9
-31 9
1633 9
1820 18
-31 546
+1 240
+1 72
+4 72
+6 4
+1 28
+10 12
cfi=(72)
cfn=(236)
calls=2 25 
* 14
* 16
+8 120
+15 4
+6 2
-3 2
+1 2
+1 2
+1 4
-3 2
+1 2
+1 2
+2 2
-3 6
-1 2
+4 4
-19 162
+3 18
-4 18
+4 36
+5 2
+1 36
-60 13
+1 3
-1 1
+1 3
cfi=(72)
cfn=(236)
calls=1 25 
* 7
* 3
+16 5
+7 48
1612 36
+62 6
1802 4
-30 2

fn=(212) _dl_dst_count
238 40
+3 20
-3 40
+7 20
-7 40
+3 20
cfi=(42)
cfn=(118)
calls=20 23 
* 528
+3 40
+20 140

fl=(67)
fn=(220)
28 20
+1 40
cfi=(59)
cfn=(192)
calls=10 153 
* 98

fl=(153) ./elf/../sysdeps/nptl/dl-mutex.c
fn=(504) __rtld_mutex_init
30 2
+10 3
-10 1
+10 2
-10 1
+7 1
+3 2
cfi=(154) ./elf/./elf/dl-lookup-direct.c
cfn=(506) _dl_lookup_direct
calls=1 +34 
* 175
+4 2
+1 8
+2 3
-2 1
+2 3
cfi=(154)
cfn=(506)
calls=1 +27 
* 198
+4 2
+1 6
+1 2
-1 1
+1 2

fl=(24)
fn=(66) __tls_pre_init_tp
53 3
+3 8
+5 1
-5 1
+5 1
+1 1
-6 1
+8 1

fn=(266) __tls_init_tp
68 2
fi=(205) ./elf/../include/list.h
-24 1
fe=(24)
+24 1
fi=(205)
-25 1
fe=(24)
+26 1
+3 1
fi=(205)
-29 1
+1 1
+1 1
+2 1
fe=(24)
+28 4
+1 2
+1 1
+5 2
+5 1
+6 1
-3 1
+3 1
-6 3
+6 1
+13 3
fi=(76) ./elf/../sysdeps/unix/sysv/linux/rseq-internal.h
-72 1
fe=(24)
+72 1
cfi=(10)
cfn=(24)
calls=1 405 
* 20
fi=(76)
-74 3
+2 6
+3 2
+3 1
fe=(24)
+83 3
+7 2
+2 1
+1 1
+1 3

fn=(84)
42 24
+2 48

fl=(41) ./elf/./elf/dl-hwcaps_split.c
fn=(122) _dl_hwcaps_split
25 4
+1 3
+21 1
-20 1
+20 3

fn=(120) _dl_hwcaps_contains
66 6
+1 12
+1 6
+9 6

fn=(116) _dl_hwcaps_split_masked
51 55
-25 42
+4 24
+4 48
+1 12
-1 24
+2 24
+5 27
cfi=(42)
cfn=(118)
calls=9 -18 
* 216
+1 18
+3 6
+11 12
+1 12
+1 6
-1 6
+1 6
-2 6
+1 6
+1 3
-1 3
+1 27
cfn=(120)
calls=6 +8 
* 30
* 12
-3 5
+7 44
-19 6
cfi=(22)
cfn=(60)
calls=3 -2 
* 51
* 3

fl=(55)
fn=(178)
28 29
+3 29
-3 87
+3 174
+8 203
+2 11
-2 54
+2 18

fl=(75) ./elf/./elf/dl-version.c
fn=(254) _dl_check_all_versions
361 6
+4 5
-2 2
+4 72
cfn=(256) _dl_check_map_versions
calls=12 155 
* 25476
-2 12
+2 36
-1 12
-1 24
+5 7

fn=(256)
155 96
+15 12
-15 24
+15 24
+2 60
+2 12
+1 12
-1 12
+1 12
+2 24
+3 20
-16 10
-8 10
+28 10
-4 10
+4 20
+16 10
36 20
200 10
36 50
200 4
36 8
200 4
36 20
+1 84
-1 168
+2 294
cfi=(54)
cfn=(174)
calls=98 +30 
* 10062
* 196
208 42
+5 14
-71 28
+71 42
+8 14
-2 14
-2 28
+4 14
-4 84
+4 41
-2 41
-2 82
+4 41
-4 271
56 220
+8 165
+6 165
+16 55
+1 110
+2 55
+5 495
+14 1308
+12 1797
+4 599
-30 1198
224 220
+3 165
+5 41
-11 41
110 55
+3 220
cfi=(32)
cfn=(90)
calls=55 -5 
* 2116
* 234
236 56
+5 8
-44 4
+1 4
+52 20
+3 20
+10 70
-7 280
+3 210
-3 20
+3 15
+8 22
+6 11
fi=(28)
44 11
fe=(75)
273 11
fi=(28)
44 11
cfi=(27)
cfn=(72)
calls=11 +34 
* 424
fe=(75)
272 11
fi=(28)
44 11
fe=(75)
274 22
+13 11
-3 11
+3 44
+2 33
+3 40
+4 42
+7 55
+1 55
-1 165
+1 55
+1 55
-2 55
+2 110
+1 165
+3 165
+5 41
-15 41
+2 41
-2 41
+2 41
-2 41
+2 82
-2 14
+2 14
-2 14
+2 14
-2 14
+2 28
+16 42
+5 4
-28 4
+62 108
-29 33
+3 20
+4 70
+6 70
+1 70
+1 70
-1 210
+1 70
-1 70
+1 70
+1 70
+3 210
+4 70
-14 150
+10 15
164 2
+86 2
-94 2
+94 3

fl=(13)
fn=(100) _dl_discover_osversion
46 5
+2 3
+85 5
-45 2
cfi=(36)
cfn=(102)
calls=1 +32 
* 6
+15 1
-15 2
+20 1
-1 1
+3 12
+4 3
-2 6
+2 10
+3 1
-1 1
+1 3
-3 4
+7 3
-1 3
+4 3
-2 3
+2 10
+5 2

fl=(43) ./string/../sysdeps/x86_64/memcmp.S
fn=(124) bcmp
22 1
+5 1
+1 1
+1 1
+1 1
+1 1
+1 1
+1 1
+1 1
+3 1
+1 1
+1 1
+1 1
+1 1
+1 1
+1 1
+1 1
+1 1
+2 1
+1 1
+17 1
+1 1
+17 1
+1 1
+1 1
+1 1
+1 1
+4 1
+47 1
+1 1
+1 1
+1 1
+1 1
+1 1
+1 1
+1 1
+1 1
+1 1
+1 1
+1 1
+1 1

fl=(53) ./setjmp/../sysdeps/x86_64/setjmp.S
fn=(168) __sigsetjmp
30 21
+2 21
+9 21
+1 42
+1 21
+4 21
+1 21
+1 21
+1 21
+1 21
+2 42
+2 21
+1 21
+1 21
+2 42
+2 21
+8 21
+3 21
+1 21
+7 21
+1 21

fl=(154)
fn=(506)
74 30
+2 3
-2 3
+4 3
-4 3
+2 3
+2 9
+37 3
-37 9
+1 6
+2 12
+3 25
-52 3
+54 6
-54 3
+54 3
-54 9
+1 9
+2 6
+1 6
+12 12
+3 3
+2 3
-2 3
+2 9
cfi=(32)
cfn=(90)
calls=3 +55 
* 207
* 6
+4 6
+1 3
-1 3
+1 18
+1 9
cfi=(32)
cfn=(90)
calls=3 +49 
* 75
* 6
+57 27
-23 6

fl=(71)
fn=(234)
117 75
+5 15

fn=(542)
117 5
+5 1

fl=(73) ./malloc/./malloc/scratch_buffer_set_array_size.c
fn=(240) __libc_scratch_buffer_set_array_size
30 100
+4 10
+1 20
+11 10
-1 20
+18 40

fl=(8)
fn=(14)
25 12
+3 12
-3 12
+3 24
+3 36
+1 24
+2 12
-1 12
+3 36
+1 12
+4 12
-3 12
+7 12
-4 12
-3 12
+2 24
+5 12
-5 12
-2 12
+7 12
-5 12
+10 12

fl=(39) ./elf/../sysdeps/x86_64/dl-hwcaps-subdirs.c
fn=(110) _dl_hwcaps_subdirs_active
29 1
fi=(18) ./elf/../sysdeps/x86/get-isa-level.h
+2 1
fe=(39)
+7 1
fi=(18)
-7 2
-1 2
fe=(39)
+22 1
fi=(18)
-20 3
+4 1
fe=(39)
+2 1
fi=(18)
-2 2
+3 4
+1 4
+5 1
fe=(39)
-7 1
fi=(18)
+7 3
fe=(39)
-2 1
fi=(18)
+5 2
+1 3
+2 4
+1 2
+1 2
+6 1
fe=(39)
-11 1
fi=(18)
+11 1
-3 2
fe=(39)

fl=(59)
fn=(192)
153 42
-55 42
+70 54
+1 12
-2 18
+1 18

fl=(16)
fn=(40) update_active.constprop.0
43 7
+45 1
-41 1
+28 1
-18 1
+31 1
+4 1
-36 1
-1 1
+37 1
-26 1
-11 1
+1 1
+36 2
+1 1
-17 1
-21 1
+25 1
-4 1
-11 1
+28 1
-1 1
-36 1
+18 1
+19 1
-13 1
-4 1
-11 1
+19 1
+11 1
-3 1
-12 1
+14 1
-29 1
+18 1
+9 1
-18 1
+13 1
-13 1
-9 1
+29 2
+3 1
-14 1
-9 1
+9 1
+4 1
+10 1
-17 1
+7 1
+5 1
+5 1
+1 1
-1 1
+1 2
+2 2
+1 4
+3 1
+1 1
-1 1
+1 1
-1 1
+1 1
-1 1
+1 1
+4 2
+4 2
+2 4
+83 3
+12 2
+1 1
+3 3
+4 1
-4 1
+4 1
+67 3
+4 3
fi=(18)
31 1
-3 1
+3 1
-1 2
fe=(16)
296 1
+1 8
-75 3
+1 2
+3 1
-1 1
+9 1
-5 1
+2 1
-2 1
+5 1
fi=(18)
32 3
+4 3
fe=(16)
+83 2
+2 1
+3 2
+10 1
+10 1
-10 1
+10 1
-10 1
+6 1
+4 1
-4 1
-6 1
+6 1
+2 1
-2 1
+2 3
+7 4
fi=(18)
39 3
+1 4
+5 1
-7 1
+7 3
+2 1
+1 2
+1 3
+2 4
+1 2
+1 2
+6 1
-4 1
+4 1
-3 2
fe=(16)
+75 1
-5 2
+4 1

fn=(34)
399 1
+16 1
-16 6
+3 1
+1 1
+1 1
+11 2
+3 6
593 1
+94 5
+1 1
+3 2
+1 1
+6 1
+3 1
fi=(19) ./elf/../sysdeps/x86/dl-cacheinfo.h
+5 1
+2 1
fe=(16)
-9 1
fi=(19)
+23 2
840 1
+46 1
-46 17
+45 2
+25 2
+21 2
-21 2
+13 3
+8 1
-8 1
+8 1
cfi=(10)
cfn=(24)
calls=1 405 
* 21
* 1
+2 2
+3 4
cfi=(10)
cfn=(24)
calls=1 405 
* 21
* 1
+2 1
+3 2
-3 2
+3 1
-3 1
+3 1
cfi=(10)
cfn=(24)
calls=1 405 
* 21
* 1
+1 5
+16 2
-12 5
cfi=(10)
cfn=(24)
calls=1 405 
* 21
* 1
+1 3
+23 1
-17 5
+3 3
-3 1
cfi=(10)
cfn=(24)
calls=1 405 
* 21
+3 3
-3 2
+3 9
cfi=(10)
cfn=(54)
calls=1 157 
* 58
+1 9
cfi=(10)
cfn=(54)
calls=1 157 
* 58
+1 10
cfi=(10)
cfn=(54)
calls=1 157 
* 58
+3 8
cfi=(10)
cfn=(54)
calls=1 157 
* 58
+2 8
cfi=(10)
cfn=(54)
calls=1 157 
* 58
+4 1
fe=(16)
706 1
fi=(19)
967 2
fe=(16)
706 2
fi=(19)
967 4
fe=(16)
706 1
cfi=(10)
cfn=(24)
calls=1 405 
* 19
+4 3
+14 1
-1 2
+1 3
+47 1
-1 1
+1 1
+46 4
cfi=(10)
cfn=(24)
calls=1 405 
* 19
+2 4
cfi=(10)
cfn=(24)
calls=1 405 
* 19
fi=(21) ./elf/../sysdeps/unix/sysv/linux/x86/cpu-features.c
27 6
fe=(16)
829 2
+45 8
fi=(19)
+19 11
fe=(16)
775 3
+27 2
-10 2
+1 2
+2 3
+1 2
+2 3
+1 2
fi=(19)
-75 3
cfn=(46) handle_intel.constprop.0
calls=1 255 
* 437
+1 1
-1 2
+1 1
cfn=(46)
calls=1 255 
* 478
+1 1
-1 1
+1 1
cfn=(46)
calls=1 255 
* 503
+3 1
-3 2
+3 1
cfn=(46)
calls=1 255 
* 459
+2 1
-2 1
+2 1
cfn=(46)
calls=1 255 
* 451
+3 1
-2 1
-1 1
+3 1
cfn=(46)
calls=1 255 
* 428
+2 1
-2 1
+2 1
cfn=(46)
calls=1 255 
* 429
+3 1
-2 1
-1 1
+3 1
cfn=(46)
calls=1 255 
* 469
+2 1
-2 1
+2 1
cfn=(46)
calls=1 255 
* 470
+3 1
-3 1
+3 1
cfn=(46)
calls=1 255 
* 494
+2 1
-2 1
+2 1
cfn=(46)
calls=1 255 
* 495
+2 1
-2 1
+2 1
cfn=(46)
calls=1 255 
* 790
+2 3
-2 1
+2 1
cfn=(52) get_common_cache_info.constprop.0
calls=1 481 
* 215
863 15
fe=(16)
424 6
cfn=(36) get_common_indices.constprop.0
calls=1 -99 
* 71
303 3
+1 2
+1 6
+5 2
+1 6
+5 2
+1 6
429 1
cfn=(40)
calls=1 43 
* 194
+2 1
+2 1
+83 1
-85 2
564 2
+7 2
+2 1
+4 2
+6 2
422 2
-3 1
+14 3
+1 4
+69 1
+10 11
+42 1
+1 1
434 11
+55 3

fn=(36)
325 1
+4 4
+3 3
+5 2
-5 1
+5 1
-5 1
+4 1
+1 1
+1 4
+1 4
+1 3
+1 2
+7 2
+2 5
+5 1
-5 1
+5 1
-5 1
+5 1
-5 2
+5 1
+7 1
-7 4
+7 1
+1 3
+6 1
-6 4
+6 1
fi=(17) ./elf/../sysdeps/unix/sysv/linux/x86/dl-minsigstacksize.h
24 2
+3 2
+1 2
+37 3
+7 1
+2 1
fe=(16)
384 2

fl=(149) ./elf/./elf/dl-find_object.c
fn=(488) _dl_find_object_init
561 4
+3 1
+2 2
+13 1
cfn=(492) _dlfo_process_initial
calls=1 474 
* 207
+1 1
-1 1
+1 1
fi=(28)
56 1
cfi=(27)
cfn=(76)
calls=1 -21 
* 25
fe=(149)
580 1
fi=(28)
56 1
fe=(149)
582 2
+3 2
+5 1
+1 1
cfn=(492)
calls=1 474 
* 904
+3 3
+10 4
-37 2
cfi=(150) ./elf/./dl-find_object.h
cfn=(490) _dl_find_object_from_map
calls=1 95 
* 68
* 1
+29 2
cfn=(494) _dlfo_sort_mappings
calls=1 -60 
* 680
+3 6
+2 1

fn=(492)
474 2
+3 2
-3 2
+1 2
+3 4
+26 14
+1 6
+1 24
-1 48
+3 92
+3 88
-7 10
+25 2
+2 8
-18 66
+3 22
-1 22
cfi=(150)
cfn=(490)
calls=11 95 
* 653
+2 44

fn=(494)
536 1
+1 2
+3 4
+4 1
+1 1
-1 1
+1 2
-1 9
+1 9
-1 9
+1 38
+1 287
-1 165
+8 30
+1 20
-1 10
-13 20
+14 30
+1 20
-15 20
+17 1

fl=(1) ???
fn=(0) 0x0000000000020290
0 2
cfi=(2)
cfn=(2) _dl_start
calls=1 527 
0 535418
0 14
cfi=(164)
cfn=(546)
calls=1 77 
0 1057
0 3
cob=(13) /home/sforster/Desktop/42/En cours (github)/miniRT_versfinal/minirt
cfi=(178) ???
cfn=(660) (below main)
calls=1 0 
0 6849075553

fl=(50) ./string/../sysdeps/x86_64/strcspn.S
fn=(158) strcspn
25 1
+2 1
+7 1
+1 1
+2 1
+1 1
+1 1
+1 1
+1 33
+3 3
+7 1
+1 1
+1 1
+1 1
+2 1
+1 1
+1 1
+1 1
+2 1
+1 1
+1 1
+9 3
+12 1
+2 1
+1 1
+1 1
-4 12
+2 12
+1 12
+1 12
+2 13
+1 13
+1 13
+2 13
+1 13
+1 13
+2 13
+1 13
+1 13
+2 1
+1 1
+1 1
+2 1
+7 1
+4 1

fl=(14)
fn=(28)
35 1
+1 3
+1 2
+6 1
+1 1

fl=(25) ./elf/./elf/dl-environ.c
fn=(68) _dl_next_ld_env_entry
28 3
+1 3
+3 78
+13 68
-13 136
+2 140
+1 14
+5 2
-3 2
+3 2
+2 2
+7 1

fl=(46)
fn=(152) _dl_debug_state
116 2
+1 2

fn=(146) _dl_debug_initialize
56 1
+3 2
+4 1
-6 1
+4 1
+2 2
+22 2
+5 2
+1 1
+1 1
-1 1
-1 1
+5 2
+4 2
+8 2
-43 2
+32 6

fn=(186)
38 11
+3 11
-1 22
+4 22
+4 11

fl=(66) ./elf/./elf/dl-deps.c
fn=(214) openaux
61 60
+7 20
-4 40
+1 20
-1 160
cfi=(31)
cfn=(172)
calls=20 2022 
* 59625
* 20
+5 40

fn=(210) _dl_map_object_deps
159 5
+1 3
-1 1
+1 1
-1 2
+1 1
-1 3
+1 1
-1 4
+1 12
-8 1
-7 1
+15 1
-14 1
+6 1
+8 1
-15 1
+7 1
-8 1
+1 1
+7 1
-7 1
+31 3
-28 3
-2 1
+31 1
-33 2
+2 2
+30 2
-30 1
-1 4
+7 4
+24 2
-32 1
+60 1
-60 2
+36 1
fi=(74) ./elf/../include/scratch_buffer.h
77 3
fe=(66)
198 1
fi=(74)
78 1
fe=(66)
200 2
+98 1
198 1
+4 1
+7 1
+4 4
-4 11
+4 44
+11 28
-18 2
+18 4
433 36
+2 10
+3 10
-3 20
+3 10
fi=(28)
56 10
cfi=(27)
cfn=(76)
calls=10 -21 
* 250
* 10
fe=(66)
439 20
+6 10
+1 50
cfi=(29)
cfn=(80)
calls=10 212 
* 110
+1 50
cfi=(29)
cfn=(80)
calls=10 212 
* 110
+4 10
-1 10
+5 48
204 33
458 33
-1 12
+1 24
199 3
+27 50
+5 10
+6 10
-5 10
-1 10
+2 20
+4 40
-31 10
+31 10
+1 30
+6 40
cfi=(31)
cfn=(212)
calls=10 -6 
* 444
* 40
cfi=(31)
cfn=(212)
calls=10 -6 
* 444
* 60
+4 40
-2 20
+2 40
cob=(2)
cfi=(51)
cfn=(164) 0x0000000004002050
calls=20 0 
* 61205
+1 40
+9 20
+2 40
+5 50
+6 10
+2 10
-8 20
+3 10
+1 10
+1 10
+1 10
+4 50
+4 60
+1 48
-43 1056
+1 508
+44 732
-38 40
fi=(74)
85 3
fe=(66)
464 6
+1 1
+3 4
+11 3
fi=(28)
56 1
cfi=(27)
cfn=(76)
calls=1 -21 
* 25
* 1
fe=(66)
481 2
+5 3
+1 1
-1 2
+4 2
-2 1
+2 1
-2 2
+13 11
+5 11
-16 33
-2 11
+6 11
+7 11
-2 22
-5 1
+7 1
-2 2
+2 2
+5 1
-16 6
+19 2
+52 3
+37 3
+15 1
-11 1
+11 1
-14 2
+20 1
-1 3
+1 3
-1 5
cfi=(12)
cfn=(246)
calls=1 290 
* 774
+5 1
+3 1
-1 1
+2 2
+7 3
+3 3
+3 8
214 81
+3 10
fi=(74)
-86 30
cfi=(73)
cfn=(240)
calls=10 30 
* 200
fe=(66)
+86 20
+4 30
613 2
cfi=(29)
cfn=(80)
calls=1 212 
* 27
* 1
-53 2
160 2
380 22

fl=(38)
fn=(108)
175 5
+1 1
-1 6
+1 1
-1 1
+1 1
-1 1
+1 1
-1 1
+1 2
cfi=(10)
cfn=(24)
calls=1 405 
* 21
* 1
+2 2
+1 3
+26 2
-26 1
+25 1
cfi=(39)
cfn=(110)
calls=1 29 
* 47
fi=(40) ./elf/./dl-hwcaps.h
54 1
fe=(38)
205 1
-1 1
fi=(40)
56 1
+32 1
+1 1
+1 1
fe=(38)
-35 2
cfi=(41)
cfn=(116)
calls=1 -4 
* 13
* 2
fi=(40)
-1 1
+2 2
-2 1
+34 2
+1 2
+1 1
fe=(38)
-32 2
-1 2
+1 2
+1 2
-1 2
-3 4
cfi=(41)
cfn=(116)
calls=2 -4 
* 114
* 2
cfi=(41)
cfn=(116)
calls=1 -4 
* 122
* 6
+48 5
fi=(28)
-47 1
cfi=(27)
cfn=(76)
calls=1 -21 
* 25
fe=(38)
+47 1
+2 2
+3 2
fi=(40)
-52 1
fe=(38)
+55 1
-3 1
fi=(40)
-54 2
+3 1
fe=(38)
+58 2
cfi=(41)
cfn=(122)
calls=1 -90 
* 12
* 2
fi=(40)
-61 1
+2 2
-2 1
+34 2
+1 2
+1 1
fe=(38)
+40 4
+1 2
-1 6
+2 2
+1 2
-2 6
-3 4
cfi=(41)
cfn=(116)
calls=2 -77 
* 114
* 2
cfi=(41)
cfn=(116)
calls=1 -77 
* 122
* 6
+8 2
+9 1
-15 1
+15 2
-15 1
+15 8
+9 2
+4 7
cfi=(43)
cfn=(124)
calls=1 22 
* 41
+1 2
+1 1
+4 1
+1 2
+1 1
-20 2
+19 1
+1 1
-20 2
-1 4
+70 1
+1 1
+4 1
-5 2
+1 4
+4 2
-4 1
+4 4
+1 1
-1 1
+1 2
+1 2
-2 5
+1 1
-1 1
+1 2
+1 2
-2 5
+5 1
+3 2
-3 2
+3 15
+7 1
-7 2
+2 3
+1 4
+2 1
fi=(206) ./elf/../sysdeps/x86/dl-hwcap.h
57 1
fe=(38)
233 2
fi=(206)
57 1
fe=(38)
233 2
fi=(206)
57 1
fe=(38)
233 1
+1 1
cfi=(22)
cfn=(60)
calls=1 41 
* 17
+1 1
+1 1
-6 1
+4 1
+1 1
-5 1
+5 1
+1 1
-1 2
-5 4
+10 3
-2 3
+2 1
+1 1
+1 1
-1 1
+4 4
+1 1
-1 1
+4 2
+4 1
-1 1
+1 4
-1 2
+4 3
+1 3
+19 10
+6 2
fi=(28)
56 1
cfi=(27)
cfn=(76)
calls=1 -21 
* 25
* 1
fe=(38)
283 2
+8 1
fi=(40)
54 1
+2 1
+34 1
-2 2
fe=(38)
-5 1
291 1
fi=(40)
54 1
+35 1
fe=(38)
291 1
fi=(40)
90 1
fe=(38)
-10 2
cfi=(41)
cfn=(116)
calls=1 -29 
* 13
* 2
fi=(40)
-26 2
+2 1
fe=(38)
+27 1
fi=(40)
-29 1
+34 2
+1 2
+1 1
fe=(38)
-8 2
+1 4
+7 2
-7 10
cfi=(29)
cfn=(128)
calls=2 199 
* 26
+4 2
+2 2
+2 2
-2 4
-9 4
cfi=(41)
cfn=(116)
calls=2 -29 
* 114
* 2
cfi=(41)
cfn=(116)
calls=1 -29 
* 122
* 6
304 1
+2 1
-2 1
-48 2
+72 1
-72 1
376 2
+13 2
-58 1
+45 1
+13 1
-58 1
-75 1
+82 1
+10 2
-92 1
+88 1
+4 3
-4 1
+3 7
-3 2
-3 1
+3 1
cfi=(29)
cfn=(128)
calls=1 199 
* 18
* 2
-3 1
+3 1
cfi=(29)
cfn=(128)
calls=1 199 
* 18
* 2
+3 2
-3 4
+3 5
+1 12
+1 2
-2 1
+2 1
cfi=(29)
cfn=(128)
calls=1 199 
* 15
* 2
-2 2
+5 8
cfi=(29)
cfn=(128)
calls=2 199 
* 30
* 4
+2 5
+5 6
+1 1
-1 3
+1 7
-1 25
+5 11
+4 1
-1 1
+1 2
-4 12
+4 2
-1 2
+1 13
-1 9
+1 18
+1 24
-1 12
-1 12
+2 24
-1 24
-1 24
+4 9
+3 1
+2 2
-1 1
-1 1
+2 1
-2 1
+2 2
-1 1
+1 2
+2 6
+1 2
+3 2
-6 2
+6 3
+7 8
+1 1
-1 2
+3 2
-3 3
+1 3
-1 6
+3 6
+3 4
-80 2
+86 9
-20 1
+1 2
-6 3
259 2
+1 2
+1 4
-1 3
+12 4
-44 2
+34 4
-2 3

fl=(162) ./elf/./elf/dl-runtime.c
fn=(530) _dl_fixup
46 16
+2 10
+1 2
+6 2
fi=(207) ./elf/../sysdeps/x86_64/dl-runtime.h
-27 2
fe=(162)
+21 2
+5 2
+1 2
-6 2
+6 4
+1 2
+2 2
-2 2
+2 2
-2 10
+7 4
+4 4
+4 6
+4 6
+1 8
-7 8
+16 2
-1 2
+1 4
+10 20
cfi=(79)
cfn=(280)
calls=2 840 
* 1715
* 2
+4 10
+10 20
+15 8
+9 6
+26 6
fi=(6)
+70 2
fe=(162)
-66 12

fl=(19)
fn=(46)
255 24
-5 24
+16 12
-16 72
+13 12
+1 36
-3 24
+11 60
+5 24
+2 12
+1 12
-1 12
+5 48
cfn=(48) intel_check_word.constprop.0
calls=12 123 
* 3876
+2 24
+3 60
cfn=(48)
calls=12 123 
* 1156
+2 24
+3 5
cfn=(48)
calls=1 123 
* 20
+2 2
+3 5
cfn=(48)
calls=1 123 
* 255
+2 2
-35 3
+39 3
+5 96

fn=(48)
123 78
-4 78
+10 104
-10 26
+10 52
+2 52
+71 200
-71 102
+2 63
+2 126
+8 126
+51 102
+22 51
fi=(20) ./elf/../bits/stdlib-bsearch.h
28 51
-1 102
+4 102
+1 51
fe=(19)
+78 102
fi=(20)
-79 76
+1 38
fe=(19)
+78 76
+3 345
fi=(20)
-84 820
+2 512
+1 256
fe=(19)
+78 512
+15 15
246 104
fi=(20)
37 63
-8 151
fe=(19)
155 36
+3 36
-6 54
+3 14
+9 14
+23 19
-32 57
+3 57
+4 50
+2 100
+2 50
+2 36
+4 11
+2 22
+6 14
+3 8
+1 12
-8 4
+2 4
-1 4
-1 4
+2 8
-2 4
+3 12
-2 12
+2 8
-10 24
+1 10
+11 12
-26 4
+9 4
+23 2
-32 6
+3 6
+4 8
+2 16
+2 8
-11 3
+7 6
+2 12

fn=(52)
481 1
+17 1
-17 4
+16 1
-16 1
+15 1
-15 3
+18 1
-1 1
+9 2
+3 3
+11 1
-11 1
-5 1
+21 3
+4 2
681 4
+1 5
+4 2
+9 2
-2 1
+2 2
-1 1
+1 3
535 6
+3 8
+7 2
-7 9
+7 6
+3 26
+14 2
+4 1
+3 1
+1 1
-4 2
+3 3
+6 2
-37 6
+15 2
+4 1
+1 1
-1 2
+18 2
-68 6
+74 4
+8 7
+2 2
+4 3
+2 1
+2 5
-4 1
+16 1
-16 3
+21 2
-21 4
+3 1
+1 4
-4 1
+6 4
+3 2
+5 1
+2 2
+1 1
+1 1
-2 2
+1 1
-19 5
+46 2
+1 1
+1 2
+2 2
-1 3
-23 2
+7 1
+2 2
-16 1
+22 1
-6 2
+1 1
+5 1

fl=(78) ./elf/./elf/dl-reloc.c
fn=(272) _dl_relocate_object
194 24
+14 12
-14 108
+16 12
-16 24
+14 12
+2 24
+3 12
-1 12
+1 24
+19 24
+6 60
-34 18
+38 18
+7 36
fi=(6)
71 34
+6 28
+4 21
+14 7
-8 7
+8 14
+20 14
+4 35
-2 14
fe=(78)
288 518
-83 7
fi=(6)
474 28
fe=(78)
205 14
+83 14
fi=(5) ./elf/./elf/do-rel.h
49 7
fe=(78)
288 7
fi=(5)
60 7
-11 14
+11 14
fe=(78)
288 5
-83 5
fi=(6)
474 20
fe=(78)
205 10
+83 10
fi=(5)
49 5
fe=(78)
288 5
fi=(5)
60 5
-11 10
+11 10
fe=(78)
288 24
fi=(5)
49 12
fe=(78)
288 12
fi=(5)
60 12
-11 24
+11 24
-7 7
-1 7
+11 56
fi=(6)
545 572
+4 572
+3 858
+1 286
fi=(5)
63 858
+2 1372
+2 171
-4 171
+13 42
+1 16
+1 114
fi=(6)
545 57
+34 114
+2 57
cob=(4)
cfi=(135) ./math/../sysdeps/x86_64/fpu/multiarch/s_sin.c
cfn=(478) sin
calls=1 27 
* 9
cob=(4)
cfi=(147) ./math/../sysdeps/x86_64/fpu/multiarch/e_atan2.c
cfn=(474) __atan2_finite@GLIBC_2.15
calls=1 26 
* 9
cob=(4)
cfi=(146) ./math/../sysdeps/x86_64/fpu/multiarch/e_exp2f.c
cfn=(470) exp2f@@GLIBC_2.27
calls=1 27 
* 9
cob=(4)
cfi=(143) ./math/../sysdeps/x86_64/fpu/multiarch/e_asin.c
cfn=(466) __asin_finite@GLIBC_2.15
calls=1 27 
* 8
cob=(4)
cfi=(145) ./math/../sysdeps/x86_64/fpu/multiarch/s_fma.c
cfn=(464) fma
calls=1 49 
* 6
cob=(4)
cfi=(144) ./math/../sysdeps/x86_64/fpu/multiarch/s_sinf.c
cfn=(460) sinf
calls=1 26 
* 9
cob=(4)
cfi=(143)
cfn=(456) __acos_finite@GLIBC_2.15
calls=1 35 
* 8
cob=(4)
cfi=(142) ./math/../sysdeps/x86_64/fpu/multiarch/e_log.c
cfn=(452) __log_finite@GLIBC_2.15
calls=1 27 
* 9
cob=(4)
cfi=(141) ./math/../sysdeps/x86_64/fpu/multiarch/e_log2f.c
cfn=(448) log2f@@GLIBC_2.27
calls=1 27 
* 9
cob=(4)
cfi=(139) ./math/../sysdeps/x86_64/fpu/multiarch/e_pow.c
cfn=(444) __pow_finite@GLIBC_2.15
calls=1 27 
* 8
cob=(4)
cfi=(138) ./math/../sysdeps/x86_64/fpu/multiarch/e_powf.c
cfn=(440) powf@@GLIBC_2.27
calls=1 30 
* 9
cob=(4)
cfi=(137) ./math/../sysdeps/x86_64/fpu/multiarch/s_sincosf.c
cfn=(436) sincosf
calls=1 26 
* 9
cob=(4)
cfi=(136) ./math/../sysdeps/x86_64/fpu/multiarch/e_logf.c
cfn=(432) logf@@GLIBC_2.27
calls=1 27 
* 9
cob=(4)
cfi=(135)
cfn=(428) cos
calls=1 34 
* 9
cob=(4)
cfi=(134) ./math/../sysdeps/x86_64/fpu/multiarch/e_expf.c
cfn=(424) expf@@GLIBC_2.27
calls=1 27 
* 9
cob=(4)
cfi=(132) ./math/../sysdeps/x86_64/fpu/multiarch/e_exp.c
cfn=(420) __exp_finite@GLIBC_2.15
calls=1 27 
* 9
cob=(4)
cfi=(130) ./math/../sysdeps/x86_64/fpu/multiarch/s_cosf.c
cfn=(416) cosf
calls=1 26 
* 9
cob=(3)
cfi=(128) ./string/../sysdeps/x86_64/multiarch/rawmemchr.c
cfn=(408) rawmemchr
calls=1 31 
* 23
cob=(3)
cfi=(127) ./string/../sysdeps/x86_64/multiarch/strncase.c
cfn=(406) strncasecmp
calls=1 31 
* 7
cob=(3)
cfi=(126) ./string/../sysdeps/x86_64/multiarch/mempcpy.c
cfn=(402) mempcpy
calls=1 33 
* 22
cob=(3)
cfi=(125) ./string/../sysdeps/x86_64/multiarch/strspn.c
cfn=(400) strspn
calls=1 29 
* 7
cob=(3)
cfi=(123) ./string/../sysdeps/x86_64/multiarch/memchr.c
cfn=(396) memchr
calls=1 29 
* 23
cob=(3)
cfi=(122) ./string/../sysdeps/x86_64/multiarch/stpcpy.c
cfn=(392) stpcpy
calls=1 33 
* 17
cob=(3)
cfi=(120) ./wcsmbs/../sysdeps/x86_64/multiarch/wmemcmp.c
cfn=(388) wmemcmp
calls=1 29 
* 22
cob=(3)
cfi=(119) ./string/../sysdeps/x86_64/multiarch/strncpy.c
cfn=(384) strncpy
calls=1 29 
* 17
cob=(3)
cfi=(118) ./string/../sysdeps/x86_64/multiarch/strlen.c
cfn=(380) strlen
calls=1 29 
* 21
cob=(3)
cfi=(117) ./string/../sysdeps/x86_64/multiarch/strcasecmp_l.c
cfn=(378) strcasecmp_l
calls=1 31 
* 7
cob=(3)
cfi=(116) ./string/../sysdeps/x86_64/multiarch/strcpy.c
cfn=(374) strcpy
calls=1 29 
* 17
cob=(3)
cfi=(115) ./string/../sysdeps/x86_64/multiarch/strchrnul.c
cfn=(370) strchrnul
calls=1 31 
* 21
cob=(3)
cfi=(114) ./string/../sysdeps/x86_64/multiarch/memrchr.c
cfn=(366) memrchr
calls=1 29 
* 21
cob=(3)
cfi=(112) ./wcsmbs/../sysdeps/x86_64/multiarch/wmemset.c
cfn=(362) wmemset
calls=2 31 
* 38
cob=(3)
cfi=(110) ./string/../sysdeps/x86_64/multiarch/memcmp.c
cfn=(358) bcmp
calls=1 29 
* 22
cob=(3)
cfi=(109) ./string/../sysdeps/x86_64/multiarch/strncase_l.c
cfn=(356) strncasecmp_l
calls=1 31 
* 7
cob=(3)
cfi=(108) ./string/../sysdeps/x86_64/multiarch/strcat.c
cfn=(352) strcat
calls=1 29 
* 17
cob=(3)
cfi=(107) ./wcsmbs/../sysdeps/x86_64/multiarch/wcscpy.c
cfn=(350) wcscpy
calls=1 43 
* 7
cob=(3)
cfi=(106) ./string/../sysdeps/x86_64/multiarch/strcspn.c
cfn=(348) strcspn
calls=1 29 
* 7
cob=(3)
cfi=(105) ./string/../sysdeps/x86_64/multiarch/strcasecmp.c
cfn=(346) strcasecmp
calls=1 31 
* 7
cob=(3)
cfi=(104) ./string/../sysdeps/x86_64/multiarch/strncmp.c
cfn=(344) strncmp
calls=1 66 
* 17
cob=(3)
cfi=(102) ./wcsmbs/../sysdeps/x86_64/multiarch/wmemchr.c
cfn=(340) wmemchr
calls=2 31 
* 46
cob=(3)
cfi=(100) ./string/../sysdeps/x86_64/multiarch/stpncpy.c
cfn=(336) stpncpy
calls=1 31 
* 17
cob=(3)
cfi=(99) ./wcsmbs/../sysdeps/x86_64/multiarch/wcscmp.c
cfn=(332) wcscmp
calls=1 30 
* 21
cob=(3)
cfi=(98) ./string/../sysdeps/x86_64/multiarch/memmove.c
cfn=(328) memmove
calls=2 29 
* 44
cob=(3)
cfi=(97) ./string/../sysdeps/x86_64/multiarch/strrchr.c
cfn=(324) rindex
calls=1 28 
* 21
cob=(3)
cfi=(96) ./string/../sysdeps/x86_64/multiarch/strchr.c
cfn=(322) index
calls=1 61 
* 19
cob=(3)
cfi=(94) ./wcsmbs/../sysdeps/x86_64/multiarch/wcschr.c
cfn=(318) wcschr
calls=2 31 
* 42
cob=(3)
cfi=(92) ./string/../sysdeps/x86_64/multiarch/memcpy.c
cfn=(314) memcpy@@GLIBC_2.14
calls=1 29 
* 22
cob=(3)
cfi=(91) ./wcsmbs/../sysdeps/x86_64/multiarch/wcslen.c
cfn=(310) wcslen
calls=1 29 
* 19
cob=(3)
cfi=(89) ./string/../sysdeps/x86_64/multiarch/memset.c
cfn=(306) memset
calls=1 29 
* 24
cob=(3)
cfi=(87) ./wcsmbs/../sysdeps/x86_64/multiarch/wcsnlen.c
cfn=(302) wcsnlen
calls=1 29 
* 19
cob=(3)
cfi=(86) ./string/../sysdeps/x86_64/multiarch/strcmp.c
cfn=(300) strcmp
calls=1 65 
* 17
cob=(3)
cfi=(85) ./string/../sysdeps/x86_64/multiarch/strpbrk.c
cfn=(298) strpbrk
calls=1 29 
* 7
cob=(3)
cfi=(83) ./string/../sysdeps/x86_64/multiarch/strnlen.c
cfn=(294) strnlen
calls=2 31 
* 42
-36 57
+37 57
fi=(5)
77 173
fe=(78)
288 96
+3 72
+24 12
+3 24
+17 36
+2 96
-98 24
+3 6
+7 12
-9 6
fi=(5)
86 34
+2 34
+12 17
-14 68
+14 34
+10 30
+3 41
+1 11
fi=(6)
529 11
fi=(5)
114 11
fi=(6)
529 22
fi=(5)
114 2291
fi=(6)
529 2291
fi=(5)
114 2291
fi=(6)
529 4582
+5 4604
+1 2302
fi=(5)
113 2302
fi=(6)
535 2302
-5 2302
fi=(5)
113 4604
+7 68
+4 60
+2 30
-73 11
fi=(6)
484 11
fi=(5)
52 11
fi=(6)
484 22
fi=(5)
128 22
+1 11
+1 11
-2 11
+2 11
+3 11
-5 11
+2 11
-2 11
+1 22
+2 11
-2 11
+2 33
+2 22
-5 870
+1 435
+1 435
-2 435
+2 435
+3 435
-5 435
+2 435
-2 435
+1 870
+2 435
-2 435
+2 1305
+2 870
+9 444
fi=(6)
262 888
+21 888
+4 888
+7 1776
fi=(4)
138 1284
fi=(6)
294 16601
cfi=(79)
cfn=(280)
calls=409 840 
* 285483
* 3681
+2 1284
+30 2628
450 1275
fi=(5)
145 1311
-19 1338
+32 55
+1 6
fi=(6)
294 2
+22 2
-22 4
fi=(5)
160 6
+3 2
+4 2
-4 2
+4 4
-2 2
-2 2
+2 2
+1 2
-1 4
fi=(6)
294 8
508 2
-1 4
+1 4
+1 2
cfi=(15)
cfn=(508)
calls=1 71 
* 6
cob=(3)
cfi=(81) ./string/../sysdeps/x86/cacheinfo.c
cfn=(290) __x86_cacheinfo
calls=1 86 
* 28
+1 2
fi=(5)
159 2
fi=(6)
510 2
fi=(5)
159 8
-14 3
+1 630
fi=(6)
490 3
+5 2
-1 3
+1 2
-1 1
cfi=(29)
cfn=(80)
calls=1 212 
* 11
+2 4
+1 1
-75 54
+4 72
+5 18
+9 18
-9 36
+9 18
fi=(5)
145 68
fi=(6)
296 465
+3 417
-3 417
+3 834
+2 90
+3 36
+1 54
+11 36
+7 18
cob=(4)
cfi=(135)
cfn=(478)
calls=1 27 
* 9
cob=(4)
cfi=(135)
cfn=(428)
calls=1 34 
* 9
cob=(4)
cfi=(148) ./math/../sysdeps/x86_64/fpu/multiarch/s_tan.c
cfn=(482) tan
calls=1 26 
* 9
cob=(4)
cfi=(138)
cfn=(440)
calls=1 30 
* 9
cob=(3)
cfi=(94)
cfn=(318)
calls=1 31 
* 21
cob=(3)
cfi=(98)
cfn=(328)
calls=1 29 
* 22
cob=(3)
cfi=(86)
cfn=(300)
calls=1 65 
* 17
cob=(3)
cfi=(110)
cfn=(358)
calls=1 29 
* 22
cob=(3)
cfi=(89)
cfn=(306)
calls=1 29 
* 24
cob=(3)
cfi=(129) ./time/../sysdeps/unix/sysv/linux/gettimeofday.c
cfn=(414) gettimeofday
calls=1 42 
* 7
cob=(3)
cfi=(91)
cfn=(310)
calls=1 29 
* 19
cob=(3)
cfi=(96)
cfn=(322)
calls=1 61 
* 19
cob=(3)
cfi=(118)
cfn=(380)
calls=2 29 
* 42
cob=(3)
cfi=(104)
cfn=(344)
calls=2 66 
* 34
cob=(3)
cfi=(92)
cfn=(314)
calls=2 29 
* 44
* 54
+3 36
fi=(5)
135 10
+3 2
fi=(6)
296 401
+3 401
-3 818
+3 4
fi=(5)
50 24
fe=(78)
308 78
fi=(6)
-14 173
fe=(78)
+49 60
+3 12
-3 12
+3 12
+4 24
+1 48
cfi=(71)
cfn=(234)
calls=12 117 
* 72
* 24
-63 12
fi=(5)
53 2
175 7
+2 2
+1 2
-1 1
+3 1
-3 4
+3 2
-3 10
+1 10
-1 5
+3 5
-3 20
+3 10
+8 6
fi=(6)
+74 12
+21 12
+4 12
+7 24
fi=(4)
138 18
fi=(6)
294 204
cfi=(79)
cfn=(280)
calls=6 840 
* 5106
* 54
+2 18
+30 36
450 12
fi=(5)
191 18
-16 18
+30 4
fi=(6)
+91 2
+3 2
-3 2
+3 4
-3 2
+3 2
-3 4
fe=(78)

fl=(150)
fn=(490)
95 24
+1 24
+1 12
+6 60
+1 327
+1 226
+2 36
+5 12

fl=(44)
fn=(132)
125 15
+1 75
+6 15
+1 15
+1 12
+1 12
+2 2
+1 2
+1 2
+65 4
+1 4
+2 4
+76 10
+1 10
+5 10
+3 10
+1 10
+3 6
+1 6
+13 6
+1 6
+2 6
+3 5
+3 10
+3 5
+1 5
+1 5
+1 5
+1 5
+1 5
+1 5
-6 121
+1 121
+1 121
+1 121
+1 121
+1 121
+1 121
+3 6
+1 6
+1 6
+1 6
+5 6
+29 3
+1 3
+1 3
+32 3
+1 3
+1 3

fl=(54)
fn=(174)
68 1368
+1 456
cfi=(32)
cfn=(90)
calls=228 +39 
* 7720
* 456
+3 228
+2 456
+6 228
-6 456
+1 759
cfi=(32)
cfn=(90)
calls=253 +33 
* 9464
* 506
+8 25
-13 25
+13 278
-1 203
+1 609

fn=(224)
36 2
+3 1
-3 6
+3 1
-3 1
+3 1
cfi=(55)
cfn=(178)
calls=1 -11 
* 19
+1 2
+23 7
-21 4
cfi=(58)
cfn=(190)
calls=1 -13 
* 15
* 2
+2 2
+3 2
+13 2
cfi=(64)
cfn=(204)
calls=1 -35 
* 6
* 1
-11 6
cfi=(60)
cfn=(194)
calls=1 -2 
* 9
* 2

fl=(155) ./elf/./elf/dl-call-libc-early-init.c
fn=(510) _dl_call_libc_early_init
27 1
+2 2
-2 1
+6 3
-6 1
+6 3
-6 1
+6 1
cfi=(154)
cfn=(506)
calls=1 +41 
* 177
+4 2
+2 4
+2 1
-1 1
+1 2
-1 1
cob=(3)
cfi=(156) ./elf/./elf/libc_early_init.c
cfn=(512) __libc_early_init
calls=1 -7 
* 1284

fl=(72)
fn=(236)
25 8
+1 16
+1 4

fl=(161) ./elf/../sysdeps/x86_64/dl-trampoline.h
fn=(528) _dl_runtime_resolve_xsave
67 2
+5 2
+3 2
+2 2
+10 2
+6 2
+1 2
+1 2
+1 2
+1 2
+1 2
+1 2
+4 2
+1 2
+3 2
+1 2
+2 2
+1 2
+1 2
+1 2
+1 2
+1 2
+2 2
+7 2
+1 2
+1 2
cfi=(162)
cfn=(530)
calls=2 -80 
* 1907
+1 2
+5 2
+1 2
+1 2
+2 2
+1 2
+1 2
+1 2
+1 2
+1 2
+1 2
+2 2
+2 2
+4 2
+2 2

fl=(65) ./io/../sysdeps/unix/sysv/linux/access.c
fn=(208) access
25 1
+2 7
+4 1

fl=(2)
fn=(156) handle_preload_list
894 10
+5 1
-5 2
+5 2
+6 1
-64 1
+54 3
+7 3
cfi=(50)
cfn=(158)
calls=1 25 
* 233
* 1
+1 3
+9 1
191 1
914 2
191 2
916 2
-80 1
+5 5
-10 1
+8 1
-4 1
+1 1
+1 1
+4 1
cob=(2)
cfi=(51)
cfn=(160) 0x0000000004002080
calls=1 0 
* 2784
+1 3
+8 3
+67 1
-18 2
+21 9
-15 4
cfi=(29)
cfn=(80)
calls=1 212 
* 19
+1 2

fn=(170) map_doit
663 2
+2 1
-2 1
+2 1
+1 2
-1 2
+1 3
cfi=(31)
cfn=(172)
calls=1 2022 
* 2683
* 1
+2 2

fn=(252) version_check_doit
696 3
+2 4
cfi=(75)
cfn=(254)
calls=1 361 
* 25652
* 2
+4 2

fn=(2)
527 10
85 1
fi=(6)
-40 1
fe=(2)
557 1
-4 1
85 2
556 1
85 1
fi=(3) ./elf/./get-dynamic-info.h
-40 1
fe=(2)
556 1
fi=(3)
45 2
+9 1
+5 1
+3 1
+2 1
+4 1
-7 1
-3 1
-3 14
+13 4
-23 16
+23 14
-23 56
+4 36
+5 20
+2 5
+3 4
fi=(4)
+21 1
fi=(3)
-8 3
+10 4
+1 4
+1 4
+1 4
+2 4
+5 4
+1 4
+1 4
+3 3
+5 2
+7 3
+1 3
+8 2
+1 2
+5 3
+3 3
fe=(2)
573 1
fi=(6)
71 1
fe=(2)
573 42
fi=(6)
414 1
fi=(5)
86 1
fe=(2)
573 2
fi=(5)
49 1
+37 1
-37 1
+37 1
+2 1
-2 1
+2 1
-2 1
+27 2
-27 1
fe=(2)
573 2
fi=(5)
49 1
+37 1
-37 1
+37 1
+2 1
-2 1
+2 1
-2 1
+27 3
+1 2
fi=(6)
534 2
fi=(5)
114 282
fi=(6)
534 282
+1 142
fi=(5)
113 142
fi=(6)
535 284
fi=(5)
113 284
+5 4
+8 7
fi=(6)
326 12
fi=(5)
126 21
+2 7
+2 7
-2 7
fi=(6)
287 7
fi=(5)
130 7
-2 7
+1 14
fi=(6)
287 14
+9 70
+3 14
+27 33
fe=(2)
573 6
fi=(5)
50 1
fi=(4)
+30 2
fi=(6)
326 2
+20 12
+1 6
fe=(2)
575 1
+13 1
cfi=(7)
cfn=(12)
calls=1 42 
* 10
+4 2
85 1
488 2
85 3
488 1
cfi=(8)
cfn=(14)
calls=1 25 
* 29
+2 2
-1 1
+1 2
+17 1
-15 1
-2 1
+17 1
-15 1
+9 1
-11 1
+17 1
cfi=(9)
cfn=(16)
calls=1 85 
* 533325
* 1
+2 2
+98 9
fi=(3)
62 4
+2 4
fe=(2)
573 3

fn=(258) init_tls
756 3
+2 1
+4 1
-4 1
+4 2
+11 1
fi=(28)
44 1
fe=(2)
768 1
+4 1
fi=(28)
44 1
cfi=(27)
cfn=(72)
calls=1 +34 
* 36
fe=(2)
783 1
-12 1
+6 1
-9 1
+11 1
+4 1
+2 3
-1 2
+3 24
+4 1
+2 1
-2 2
-5 1
-1 2
+10 3
+3 2
cfi=(47)
cfn=(260)
calls=1 97 
* 79
+3 1
cfi=(47)
cfn=(262)
calls=1 221 
* 76
+7 1
cfi=(47)
cfn=(264)
calls=1 422 
* 414
* 1
+1 2
+6 1
+3 2
-3 1
+3 6
+3 1
cfi=(24)
cfn=(266)
calls=1 68 
* 75
+1 1
+3 5
-39 11
-1 23

fn=(64)
1320 2
205 1
311 1
1320 2
2818 1
1320 3
2829 1
1320 2
2698 1
1320 2
311 1
1320 3
207 1
310 1
205 1
+99 3
1332 1
cfi=(24)
cfn=(66)
calls=1 53 
* 17
2677 3
+6 5
-4 1
+4 1
+2 3
cfi=(25)
cfn=(68)
calls=1 28 
* 51
* 4
cfi=(25)
cfn=(68)
calls=2 28 
* 400
* 9
+4 6
-2 2
+2 6
+1 2
-1 6
+1 17
-1 89
+9 12
2845 4
+32 2
1348 1
+1 2
-1 2
+1 2
2774 3
+1 3
-56 2
+7 2
1627 9
cfi=(26)
cfn=(70)
calls=1 59 
* 230
* 1
+2 2
+1 1
+6 2
-6 1
+1 2
+1 3
+4 1
cfi=(26)
cfn=(82)
calls=1 31 
* 36
+1 2
1140 1
1326 1
1169 1
-29 1
+11 1
+18 2
-21 1
+21 1
-19 1
-4 1
+23 1
-21 1
+21 2
+57 1
-83 1
+23 1
+4 1
+19 1
+22 1
+15 5
-56 116
1275 4
+2 1
1169 18
fi=(30)
105 2
fe=(2)
1282 22
+6 4
cfi=(31)
cfn=(88)
calls=1 868 
* 20
-7 26
+1 13
+6 13
-6 26
fi=(30)
212 4
+1 2
95 8
+10 2
212 1
105 1
-2 1
-3 1
+2 1
+3 1
-4 2
+92 4
-1 1
-87 3
+3 3
+1 2
+1 2
+4 3
+4 3
+3 3
+1 2
+4 1
+1 4
+58 3
+2 4
-56 4
+1 2
+3 4
+3 2
+1 8
+5 4
+2 4
+5 4
+14 2
-1 4
+2 2
fe=(2)
1174 1
-5 1
+5 2
-5 2
+30 1
-9 1
+27 1
-27 1
+2 1
-3 1
+10 2
-20 2
-10 1
+10 1
+1 9
-11 2
+57 4
-1 4
+1 8
-1 4
+2 8
+1 1
+2 12
+1 14
+4 8
+1 8
+1 4
+1 10
+1 1
+4 1
-74 1
+74 2
-74 2
+74 3
-74 3
+74 6
-74 6
fi=(30)
165 2
fe=(2)
1271 1
1169 1
1271 1
1169 2
1294 1
+3 2
+2 1
-5 2
+3 2
+2 2
+2 2
1662 3
+2 1
-1 1
+1 2
+1 2
-2 1
+2 1
-2 2
cfi=(32)
cfn=(90)
calls=1 108 
* 34
* 2
+7 1
+3 1
-5 1
+3 1
+2 1
+1 2
+4 2
+2 2
fi=(3)
39 3
+6 1
-2 1
+2 2
+9 1
+5 1
+3 1
+2 1
-3 1
-3 1
-3 17
+13 5
-23 20
+23 24
-23 96
+4 58
+5 24
+2 5
+16 3
+25 3
+5 2
+7 2
+1 3
+22 3
+5 2
+2 2
+2 2
+2 2
+1 1
+3 3
+2 3
+1 2
+9 2
+6 2
+1 2
+3 2
fe=(2)
1688 3
+7 2
cfi=(8)
cfn=(14)
calls=1 25 
* 29
+3 2
fi=(33) ./elf/./setup-vdso.h
24 2
fi=(35) ./elf/../sysdeps/unix/sysv/linux/dl-vdso-setup.h
+21 1
fe=(2)
1723 1
cfi=(13)
cfn=(100)
calls=1 46 
* 90
* 8
fi=(37) ./elf/./dl-main.h
109 5
cfi=(31)
cfn=(106)
calls=1 706 
* 2926
fe=(2)
1731 3
cfi=(46)
cfn=(146)
calls=1 56 
* 30
+7 1
-7 1
+2 1
+5 1
+4 1
+3 1
-3 3
+1 2
+3 1
+5 1
-7 1
+7 1
+1 3
+12 2
+1 2
+5 1
-3 2
+2 1
+1 2
+5 3
+1 5
-1 2
233 1
-1 1
+1 3
+1 2
-2 1
+2 2
1793 2
+5 1
-1 1
+1 1
+24 1
cfi=(47)
cfn=(148)
calls=1 197 
* 6
* 1
fi=(48) ./elf/../sysdeps/generic/dl-debug.h
29 3
+1 2
fe=(2)
1828 2
+1 1
cfi=(46)
cfn=(152)
calls=1 116 
* 2
+1 1
+4 3
cfi=(49)
cfn=(154)
calls=1 28 
* 16
+5 3
+2 1
+2 2
+9 2
+16 4
cfi=(65)
cfn=(208)
calls=1 25 
* 9
* 2
+76 4
+16 3
85 1
1970 1
85 2
1970 2
85 1
1970 5
cfi=(66)
cfn=(210)
calls=1 159 
* 67741
92 1
1976 1
92 2
+9 2
1976 2
+1 5
-1 4
+1 22
-1 44
+4 4
+1 3
+1 1
+2 2
+1 4
-1 25
+1 21
+12 3
+1 2
+2 1
+2 4
+2 1
-4 1
+5 1
-1 2
+14 2
+1 2
+1 3
+2 2
+1 1
-28 1
+28 1
+8 2
+2 1
-2 1
+2 2
-2 1
+1 2
+1 1
-1 2
+1 1
cfi=(52) ./elf/./elf/dl-error-skeleton.c
cfn=(250) _dl_receive_error
calls=1 238 
* 25680
+10 2
+1 2
+3 2
862 1
fi=(208) ./elf/../sysdeps/unix/sysv/linux/dl-osinfo.h
64 2
fe=(2)
864 1
+6 1
+3 1
+7 1
-5 1
2052 3
2282 3
1778 2
+6 1
-6 2
+6 1
+2 3
fi=(30)
198 4
+2 1
+1 1
+2 1
-3 3
+3 1
fi=(3)
59 4
+3 4
+2 4
fi=(34) ./elf/../sysdeps/unix/sysv/linux/dl-vdso.h
-24 1
+1 2
fe=(2)
2331 1
1325 1
2342 1
-4 2
+10 1
-6 1
+6 1
+3 2
+8 1
fi=(30)
36 1
fe=(2)
2359 1
fi=(30)
37 3
+3 1
+13 14
-13 11
+9 22
-9 1
+9 60
+4 55
-16 36
+34 3
cfi=(77)
cfn=(270)
calls=1 252 
* 30
fe=(2)
2361 2
+54 3
+3 1
85 4
2422 1
+1 43
+2 24
+5 24
+2 24
+6 12
+2 36
+1 88
cfi=(78)
cfn=(272)
calls=11 194 
* 372939
+4 26
+1 2
-23 1
+23 1
cfi=(47)
cfn=(412)
calls=1 1015 
* 28
-23 6
92 3
+1 1
2454 1
93 1
2454 1
+5 4
+2 1
+7 3
cfi=(47)
cfn=(486)
calls=1 528 
* 146
+3 2
fi=(3)
72 2
+10 3
+1 4
+1 4
+1 4
+2 4
+5 4
+1 4
+1 5
fi=(35)
-64 3
+3 1
+3 1
+3 1
fi=(34)
+16 2
fe=(2)
2434 1
+1 1
-3 2
+49 3
+2 4
+10 1
cfi=(149)
cfn=(488)
calls=1 561 
* 1923
+5 2
cfi=(7)
cfn=(496)
calls=1 76 
* 2900
+3 1
cfi=(153)
cfn=(504)
calls=1 30 
* 415
85 1
2507 1
+1 3
85 3
2508 2
cfi=(78)
cfn=(272)
calls=1 194 
* 5686
92 3
+9 2
2516 3
cfi=(155)
cfn=(510)
calls=1 27 
* 1485
+7 1
cfi=(9)
cfn=(536)
calls=1 262 
* 2
+4 3
cfi=(49)
cfn=(538)
calls=1 40 
* 21
+5 2
cfi=(46)
cfn=(186)
calls=1 38 
* 7
+1 1
-1 1
+2 1
cfi=(46)
cfn=(152)
calls=1 116 
* 2
+1 1
+4 1
cfi=(68)
cfn=(540)
calls=1 537 
* 18
+5 8
1741 4
2045 2
cfn=(258)
calls=1 756 
* 796
* 2
2726 4
+2 2
+1 1
+46 2
+2 1
+1 1
-1 1
+1 1
+1 1
85 1
1847 1
85 2
1847 1
85 1
1847 2
cfn=(156)
calls=1 894 
* 3107
* 1
92 3
+9 3
1948 16
+1 1
-1 1
+4 3
+1 1
+1 2
+1 2
-7 2
fi=(30)
170 3
-39 2
fe=(2)

fl=(42)
fn=(118)
23 41
+1 41
+1 41
+1 41
+1 41
+1 41
+1 41
+1 41
+1 41
+1 41
+1 41
+1 41
+1 41
+1 41
+1 41
+1 41
+1 41
+1 41
+1 38
+4 38
+1 38
+1 38
+1 38
+2 38
+4 3
+1 3
+1 3
+1 3
+1 3
+1 3
+1 3
+1 3
+1 3
+1 3
+1 3
+1 3
+1 3
+1 3
+1 3
+1 3
+1 3
+1 3
+1 3
+1 3
+1 3
+1 3
+1 3
+1 3
+52 3
+4 3
+1 3
+1 3
+1 3
+2 3

fl=(52)
fn=(162) _dl_catch_error
225 10
+2 2
cob=(2)
cfi=(51)
cfn=(164)
calls=1 0 
* 2759
+1 2
+1 1
+1 1
-1 1
+1 1
+2 5

fn=(250)
238 6
+1 1
+1 1
+3 1
+1 1
+2 1
cfi=(2)
cfn=(252)
calls=1 696 
* 25663
+2 1
+1 1
+1 4

fn=(166) _dl_catch_exception
175 63
+5 21
-5 63
+5 21
-2 42

ob=(7)
fl=(171)
fn=(592)
0 10

ob=(1)
fl=(52)
fn=(166)
200 21
-1 21
+7 42
-6 21
+3 42
+3 21
cfi=(53)
cfn=(168)
calls=21 30 
* 504
* 84

ob=(7)
fl=(171)
fn=(592)
0 2

ob=(1)
fl=(52)
fn=(166)
208 63
cfi=(66)
cfn=(214)
calls=20 61 
* 59985
cfi=(2)
cfn=(170)
calls=1 663 
* 2698
+2 21
-1 21
+1 21
-1 21
+1 42
+9 84

ob=(12)
fl=(177)
fn=(652)
0 12

ob=(2)
fl=(51)
fn=(550)
0 6
cob=(5) /usr/libexec/valgrind/vgpreload_core-amd64-linux.so
cfi=(165) ???
cfn=(554) 0x0000000000001170
calls=1 0 
0 12
0 1
cob=(5)
cfi=(165)
cfn=(562) 0x00000000000012f0
calls=1 0 
0 5
0 2

fn=(608)
0 7

fn=(588)
0 7

fn=(736) 0x000000000010a550
0 4
cob=(3)
cfi=(195) ./io/../sysdeps/unix/sysv/linux/read.c
cfn=(738) read
calls=2 25 
0 16

fn=(732) 0x000000000010a880
0 2
cob=(3)
cfi=(194) ./io/../sysdeps/unix/sysv/linux/open64.c
cfn=(734) open
calls=1 30 
0 34

fn=(164)
0 42
cob=(1)
cfi=(52)
cfn=(166)
calls=21 175 
0 63922

fn=(648)
0 7

fn=(668) 0x000000000010a000
0 7

fn=(522) 0x0000000004abe650
0 38
cob=(1)
cfi=(10)
cfn=(24)
calls=19 405 
0 391
cob=(1)
cfi=(161)
cfn=(528)
calls=1 67 
0 989
0 5

fn=(572) 0x0000000004abe5f0
0 2
cob=(3)
cfi=(168) ./string/../sysdeps/x86_64/multiarch/strrchr-avx2.S
cfn=(574) __strrchr_avx2
calls=1 46 
0 34

fn=(618)
0 7

fn=(702) 0x000000000010a570
0 51833968
cob=(3)
cfi=(187) ./malloc/./malloc/malloc.c
cfn=(704) malloc
calls=25916984 3287 
0 4831416173

fn=(598)
0 7

ob=(4)
fl=(145)
fn=(464)
49 6

fl=(132)
fn=(420)
27 1
fi=(133) ./math/../sysdeps/x86_64/fpu/multiarch/ifunc-avx-fma4.h
+5 5
+1 2
fe=(132)
-6 1

fl=(147)
fn=(474)
26 1
fi=(133)
+6 5
+1 2
fe=(147)
-7 1

fl=(141)
fn=(448)
27 1
fi=(131) ./math/../sysdeps/x86_64/fpu/multiarch/ifunc-fma.h
+2 4
+1 3
fe=(141)
-3 1

fl=(144)
fn=(460)
26 1
fi=(131)
+3 4
+1 3
fe=(144)
-4 1

fl=(175)
fn=(632)
0 12

fl=(130)
fn=(416)
26 1
fi=(131)
+3 4
+1 3
fe=(130)
-4 1

fl=(139)
fn=(444)
27 1
fi=(140) ./math/../sysdeps/x86_64/fpu/multiarch/ifunc-fma4.h
+4 4
+1 2
fe=(139)
-5 1

fl=(137)
fn=(436)
26 1
fi=(131)
+3 4
+1 3
fe=(137)
-4 1

fl=(143)
fn=(466)
27 1
fi=(140)
+4 4
+1 2
fe=(143)
-5 1

fn=(456)
35 1
fi=(140)
-4 4
+1 2
+3 1
fe=(143)

fl=(136)
fn=(432)
27 1
fi=(131)
+2 4
+1 3
fe=(136)
-3 1

fl=(146)
fn=(470)
27 1
fi=(131)
+2 4
+1 3
fe=(146)
-3 1

fl=(138)
fn=(440)
30 2
fi=(131)
-1 8
+1 8
fe=(138)

fl=(148)
fn=(482)
26 1
fi=(133)
+6 5
+1 2
fe=(148)
-7 1

fl=(142)
fn=(452)
27 1
fi=(133)
+5 5
+1 2
fe=(142)
-6 1

fl=(135)
fn=(428)
34 2
fi=(133)
-2 10
+1 4
fe=(135)
+1 2

fn=(478)
27 2
fi=(133)
+5 8
fe=(135)

ob=(2)
fl=(51)
fn=(678) 0x0000000004abe6d0
0 2
cob=(1)
cfi=(49)
cfn=(682)
calls=1 117 
0 5
cob=(1)
cfi=(161)
cfn=(528)
calls=1 67 
0 1000
0 5

fn=(578)
0 7

fn=(796) 0x000000000010a4b0
0 2
cob=(3)
cfi=(200) ./io/../sysdeps/unix/sysv/linux/close.c
cfn=(798) close
calls=1 26 
0 9

fn=(160)
0 2
cob=(1)
cfi=(52)
cfn=(162)
calls=1 225 
0 2782

fn=(628)
0 7

fn=(638)
0 7

ob=(4)
fl=(135)
fn=(478)
fi=(133)
32 2
+1 4
fe=(135)
-6 2

fl=(134)
fn=(424)
27 1
fi=(131)
+2 4
+1 3
fe=(134)
-3 1

ob=(13)
fl=(199) /home/sforster/Desktop/42/En cours (github)/miniRT_versfinal/lib/libft/ft_atoi.c
fn=(766) ft_atoi
21 60
+5 15
+1 15
+1 15
+1 330
+2 210
+10 525
+1 35
-3 595
+5 45
+1 15
+1 30

fl=(186) /home/sforster/Desktop/42/En cours (github)/miniRT_versfinal/lib/libft/ft_strncmp.c
fn=(698) ft_strncmp
21 258
+3 43
+1 43
+2 480
+1 432
+1 12
-4 453
+6 7
+1 86

fl=(198) /home/sforster/Desktop/42/En cours (github)/miniRT_versfinal/lib/libft/ft_isdigit.c
fn=(758) ft_isdigit
19 280
+1 226
+1 86
+2 27
+1 140

fl=(185) /home/sforster/Desktop/42/En cours (github)/miniRT_versfinal/lib/libft/ft_strlen.c
fn=(696) ft_strlen
19 4
+3 1
+1 1
+1 14
-1 105
+2 1
+1 2

fl=(196) /home/sforster/Desktop/42/En cours (github)/miniRT_versfinal/lib/libft/ft_isspace.c
fn=(748) ft_isspace
16 332
+1 404
+1 166

fl=(197) /home/sforster/Desktop/42/En cours (github)/miniRT_versfinal/lib/libft/ft_strtod.c
fn=(752) skip_whitespace
16 120
+1 168
cfi=(196)
cfn=(748)
calls=24 -1 
* 264
* 48
+2 96

fn=(750) ft_strtod
63 144
+5 72
cfn=(752)
calls=24 -52 
* 696
+1 72
cfn=(754) parse_sign
calls=24 -47 
* 555
* 24
+1 72
cfn=(756) parse_integer_part
calls=24 -36 
* 1595
* 48
+1 72
cfn=(760) parse_fractional_part
calls=24 -27 
* 666
* 48
+1 72
+1 48
+1 72
+1 72
+1 48

fn=(754)
22 96
+3 24
+1 120
+1 3
+1 225
+1 15
+1 3
+1 6
-1 21
+1 42

fn=(756)
34 120
+3 48
+1 24
+1 375
-1 150
cfi=(198)
cfn=(758)
calls=25 -19 
* 228
* 144
cfi=(198)
cfn=(758)
calls=24 -19 
* 288
* 98
+2 48
+1 72

fn=(760)
44 120
+4 48
+1 48
+1 120
+2 15
+1 3
+2 45
+1 12
-3 18
cfi=(198)
cfn=(758)
calls=3 -34 
* 27
* 18
cfi=(198)
cfn=(758)
calls=3 -34 
* 36
* 12
+6 72
+1 72

fl=(178)
fn=(660)
0 12
cob=(3)
cfi=(179) ./csu/../csu/libc-start.c
cfn=(662) __libc_start_main@@GLIBC_2.34
calls=1 242 
0 6849075541

fn=(740) process_buffer
0 2314
cfn=(742) parse_line
calls=9 0 
0 15621
0 80

fn=(784) validate_fov
0 13

fn=(824) init_obj_background
0 10
cfn=(826) init_obj_struct
calls=1 0 
0 327
0 10

fn=(852) assign_hits_to_pix
0 15679422
cfn=(854) init_hits
calls=1119798 0 
0 4189599399
0 31354316
cfn=(876) allocate_and_initialize_comps
calls=1119797 0 
0 905640437
0 5604584

fn=(864) allocate_background_hit_coords
0 7838586
cob=(2)
cfi=(51)
cfn=(702)
calls=1119798 0 
0 211683518
0 10078182
cob=(2)
cfi=(51)
cfn=(702)
calls=1119798 0 
0 211781240
0 11197980

fn=(866) init_hits_spheres
0 47031516
cfn=(868) allocate_sphere_hit_memory
calls=3359394 0 
0 2036552465
0 40312716
cfn=(870) set_sphere_hit_properties
calls=3359393 0 
0 57109681
0 34713721

fn=(872) init_hits_plans
0 34713707

fn=(778) validate_camera
0 26
cfn=(746) skip_whitespace
calls=1 0 
0 69
0 12
cfn=(774) parse_coordinates
calls=1 0 
0 743
0 5
cfn=(746)
calls=1 0 
0 37
0 12
cfn=(774)
calls=1 0 
0 742
0 9
cfn=(780) validate_orientation_vector
calls=1 0 
0 48
0 5
cfn=(746)
calls=1 0 
0 37
0 9
cfn=(782) parse_camera_fov
calls=1 0 
0 255
0 5
cfn=(770) check_only_spaces
calls=1 0 
0 13
0 8

fn=(790) parse_dimension
0 75
cfi=(197)
cfn=(750)
calls=3 63 
0 519
0 21
cfn=(792) is_valid_dimension
calls=3 0 
0 33
0 42
cfn=(746)
calls=3 0 
0 207
0 24

fn=(800) init_data
0 10
cfn=(802) init_pix_matrix
calls=1 0 
0 1314688536
0 6
cfn=(818) init_object
calls=1 0 
0 2351
0 4
cfn=(834) init_camera
calls=1 0 
0 342
0 6
cfn=(836) init_light
calls=1 0 
0 904
0 9
cfn=(848) assign_camera_obj_light_to_pix
calls=1 0 
0 386483003
0 5
cfn=(852)
calls=1 0 
0 5147878158

fn=(672) 0x00000000000029c0
0 12

fn=(792)
0 33

fn=(802)
0 13
cob=(2)
cfi=(51)
cfn=(702)
calls=1 0 
0 187
0 9605
cfn=(804) init_pix_row
calls=1200 0 
0 1314663124
0 15607

fn=(818)
0 7
cob=(2)
cfi=(51)
cfn=(702)
calls=1 0 
0 196
0 8
cfn=(820) allocate_object_arrays
calls=1 0 
0 391
0 8
cfn=(822) initialize_object_arrays
calls=1 0 
0 1735
0 6

fn=(822)
0 9
cfn=(824)
calls=1 0 
0 347
0 9
cfn=(828) init_obj_spheres
calls=1 0 
0 1299
0 9
cfn=(830) init_obj_plans
calls=1 0 
0 22
0 9
cfn=(832) init_obj_cylinders
calls=1 0 
0 22
0 9

fn=(832)
0 22

fn=(856) allocate_hits_arrays
0 10078182
cob=(2)
cfi=(51)
cfn=(702)
calls=1119798 0 
0 211783468
0 13437576
cob=(2)
cfi=(51)
cfn=(702)
calls=1119798 0 
0 211805487
0 11197980
cob=(2)
cfi=(51)
cfn=(702)
calls=1119798 0 
0 204861832
0 11197980
cob=(2)
cfi=(51)
cfn=(702)
calls=1119798 0 
0 205029491
0 25755354

fn=(868)
0 26875152
cob=(2)
cfi=(51)
cfn=(702)
calls=3359394 0 
0 635310319
0 36953323
cob=(2)
cfi=(51)
cfn=(702)
calls=3359393 0 
0 635197782
0 33593930
cob=(2)
cfi=(51)
cfn=(702)
calls=3359393 0 
0 635028029
0 33593930

fn=(700) init_context
0 6
cob=(2)
cfi=(51)
cfn=(702)
calls=1 0 
0 1810
0 7
cfi=(193) /home/sforster/Desktop/42/En cours (github)/miniRT_versfinal/lib/libft/ft_bzero.c
cfn=(728) ft_bzero
calls=1 20 
0 400
0 2
cob=(2)
cfi=(51)
cfn=(702)
calls=1 0 
0 189
0 12
cfi=(193)
cfn=(728)
calls=1 20 
0 144
0 3

fn=(742)
0 241
cfi=(186)
cfn=(698)
calls=7 21 
0 280
0 17
cfn=(744) validate_ambient
calls=1 0 
0 1700
0 44
cfi=(186)
cfn=(698)
calls=7 21 
0 280
0 20
cfn=(772) validate_light
calls=1 0 
0 2403
0 44
cfi=(186)
cfn=(698)
calls=7 21 
0 280
0 17
cfn=(778)
calls=1 0 
0 2035
0 44
cfi=(186)
cfn=(698)
calls=7 21 
0 326
0 32
cfn=(786) validate_sphere
calls=3 0 
0 7146
0 48
cfi=(186)
cfn=(698)
calls=7 21 
0 287
0 56
cfi=(186)
cfn=(698)
calls=7 21 
0 287
0 34

fn=(860) init_hits_background
0 16796970
cfn=(862) create_and_initialize_background_hit
calls=1119798 0 
0 694591130
0 15677172

fn=(862)
0 6718788
cob=(2)
cfi=(51)
cfn=(702)
calls=1119798 0 
0 211777078
0 6718788
cfn=(864)
calls=1119798 0 
0 452579506
0 16796970

fn=(870)
0 57109681

fn=(764) parse_one_color
0 300
cfn=(746)
calls=15 0 
0 555
0 165
cfi=(198)
cfn=(758)
calls=15 19 
0 180
0 90
cfi=(199)
cfn=(766)
calls=15 21 
0 1890
0 945
cfn=(746)
calls=15 0 
0 460
0 45

fn=(780)
0 48

fn=(844) init_spotlights
0 18
cfn=(846) init_one_spotlight
calls=1 0 
0 116
0 15

fn=(694) check_args
0 17
cfi=(185)
cfn=(696)
calls=1 19 
0 128
0 8
cfi=(186)
cfn=(698)
calls=1 21 
0 74
0 6

fn=(762) parse_color
0 125
cfn=(764)
calls=5 0 
0 1750
0 25
cfn=(768) expect_comma
calls=5 0 
0 320
0 35
cfn=(764)
calls=5 0 
0 1500
0 25
cfn=(768)
calls=5 0 
0 320
0 35
cfn=(764)
calls=5 0 
0 1380
0 185

fn=(774)
0 180
cfn=(776) parse_float
calls=6 0 
0 1421
0 132
cfn=(776)
calls=6 0 
0 1296
0 132
cfn=(776)
calls=6 0 
0 1358
0 60

fn=(834)
0 6
cob=(2)
cfi=(51)
cfn=(702)
calls=1 0 
0 189
0 5
cob=(2)
cfi=(51)
cfn=(702)
calls=1 0 
0 45
0 5
cob=(2)
cfi=(51)
cfn=(702)
calls=1 0 
0 45
0 47

fn=(840) init_light_array
0 26
cob=(2)
cfi=(51)
cfn=(702)
calls=2 0 
0 90
0 20
cob=(2)
cfi=(51)
cfn=(702)
calls=2 0 
0 335
0 52

fn=(692) main
0 11
cfn=(694)
calls=1 0 
0 233
0 3
cfn=(700)
calls=1 0 
0 2573
0 10
cfn=(730) parse_scene_file
calls=1 0 
0 18140
0 4
cfn=(800)
calls=1 0 
0 6849053334

fn=(730)
0 17
cob=(2)
cfi=(51)
cfn=(732)
calls=1 0 
0 36
0 9
cob=(2)
cfi=(51)
cfn=(736)
calls=1 0 
0 10
0 10
cfn=(740)
calls=1 0 
0 18015
0 6
cob=(2)
cfi=(51)
cfn=(736)
calls=1 0 
0 10
0 10
cob=(2)
cfi=(51)
cfn=(796)
calls=1 0 
0 11
0 6

fn=(744)
0 21
cfn=(746)
calls=1 0 
0 69
0 9
cfi=(197)
cfn=(750)
calls=1 63 
0 235
0 19
cfn=(746)
calls=1 0 
0 69
0 12
cfn=(762)
calls=1 0 
0 1240
0 5
cfn=(770)
calls=1 0 
0 13
0 8

fn=(776)
0 414
cfi=(197)
cfn=(750)
calls=18 63 
0 3241
0 420

fn=(782)
0 25
cfi=(197)
cfn=(750)
calls=1 63 
0 208
0 7
cfn=(784)
calls=1 0 
0 13
0 2

fn=(820)
0 9
cob=(2)
cfi=(51)
cfn=(702)
calls=1 0 
0 45
0 12
cob=(2)
cfi=(51)
cfn=(702)
calls=1 0 
0 196
0 10
cob=(2)
cfi=(51)
cfn=(702)
calls=1 0 
0 41
0 10
cob=(2)
cfi=(51)
cfn=(702)
calls=1 0 
0 41
0 27

fn=(830)
0 22

fn=(874) init_hits_cylinders
0 34713707

fn=(876)
0 8958376
cob=(2)
cfi=(51)
cfn=(702)
calls=1119797 0 
0 207749420
0 12317767
cob=(2)
cfi=(51)
cfn=(702)
calls=1119797 0 
0 211769562
0 5598985
cob=(2)
cfi=(51)
cfn=(702)
calls=1119797 0 
0 211653183
0 5598985
cob=(2)
cfi=(51)
cfn=(702)
calls=1119797 0 
0 211759640
0 30234519

fn=(768)
0 240
cfn=(746)
calls=10 0 
0 370
0 30

fn=(788) parse_object_center
0 81
cfn=(774)
calls=3 0 
0 2351
0 6

fn=(794) parse_object_color
0 81
cfn=(762)
calls=3 0 
0 3220
0 6

fn=(826)
0 40
cob=(2)
cfi=(51)
cfn=(702)
calls=4 0 
0 756
0 44
cob=(2)
cfi=(51)
cfn=(702)
calls=4 0 
0 425
0 20
cob=(2)
cfi=(51)
cfn=(702)
calls=4 0 
0 180
0 88

fn=(836)
0 8
cfn=(838) allocate_light_arrays
calls=1 0 
0 603
0 6
cfn=(842) init_ambient_light
calls=1 0 
0 124
0 8
cfn=(844)
calls=1 0 
0 149
0 6

fn=(838)
0 8
cob=(2)
cfi=(51)
cfn=(702)
calls=1 0 
0 45
0 5
cfn=(840)
calls=1 0 
0 384
0 8
cfn=(840)
calls=1 0 
0 139
0 14

fn=(842)
0 11
cob=(2)
cfi=(51)
cfn=(702)
calls=1 0 
0 45
0 6
cob=(2)
cfi=(51)
cfn=(702)
calls=1 0 
0 45
0 17

fn=(850) init_color
0 7200000
cob=(2)
cfi=(51)
cfn=(702)
calls=1200000 0 
0 226874585
0 20400000

fn=(854)
0 8958384
cob=(2)
cfi=(51)
cfn=(702)
calls=1119798 0 
0 211770188
0 8958384
cfn=(856)
calls=1119798 0 
0 905147350
0 8958384
cfn=(858) initialize_hits_arrays
calls=1119798 0 
0 3042447318
0 3359391

fn=(746)
0 1303
cfi=(196)
cfn=(748)
calls=59 16 
0 638
0 277

fn=(770)
0 78

fn=(772)
0 24
cfn=(746)
calls=1 0 
0 69
0 12
cfn=(774)
calls=1 0 
0 743
0 11
cfi=(197)
cfn=(750)
calls=1 63 
0 173
0 19
cfn=(746)
calls=1 0 
0 69
0 12
cfn=(762)
calls=1 0 
0 1240
0 5
cfn=(770)
calls=1 0 
0 13
0 13

fn=(786)
0 87
cfn=(746)
calls=3 0 
0 207
0 27
cfn=(788)
calls=3 0 
0 2438
0 33
cfn=(790)
calls=3 0 
0 921
0 33
cfn=(794)
calls=3 0 
0 3307
0 15
cfn=(770)
calls=3 0 
0 39
0 39

fn=(804)
0 13200
cfi=(201) /home/sforster/Desktop/42/En cours (github)/miniRT_versfinal/lib/libft/ft_calloc.c
cfn=(806) ft_calloc
calls=1200 19 
0 86730136
0 9606000
cfi=(201)
cfn=(806)
calls=1200000 19 
0 1202705388
0 15608400

fn=(828)
0 38
cfn=(826)
calls=3 0 
0 1226
0 35

fn=(846)
0 7
cob=(2)
cfi=(51)
cfn=(702)
calls=1 0 
0 45
0 5
cob=(2)
cfi=(51)
cfn=(702)
calls=1 0 
0 45
0 14

fn=(848)
0 61202411
cfn=(850)
calls=1200000 0 
0 254474585
0 70806007

fn=(858)
0 10078182
cfn=(860)
calls=1119798 0 
0 727065272
0 5598990
cfn=(866)
calls=1119798 0 
0 2215720099
0 5598985
cfn=(872)
calls=1119797 0 
0 34713707
0 5598985
cfn=(874)
calls=1119797 0 
0 34713707
0 3359391

fl=(201)
fn=(806)
19 7207200
+4 1201200
+1 4804800
cob=(2)
cfi=(51)
cfn=(702)
calls=1201200 -24 
* 227410324
* 1201200
+1 2402400
+4 460800000
+1 115200000
-3 465604800
+5 1201200
+1 2402400

fl=(193)
fn=(728)
20 10
+4 4
+1 2
+1 2
+2 256
+1 64
-3 198
+5 8

ob=(3)
fl=(167) ./misc/./misc/init-misc.c
fn=(570) __init_misc
30 1
+1 2
-1 4
+1 3
+2 3
cob=(2)
cfi=(51)
cfn=(572)
calls=1 -33 
* 36
+4 5
+1 3
+2 4

fl=(166)
fn=(568)
46 4
+5 2
+4 5
+8 1
-2 1
+10 1
-9 1
+1 1
+9 2
-1 1
cfi=(167)
cfn=(570)
calls=1 -41 
* 61

fl=(105)
fn=(346)
31 1
fi=(209) ./string/../sysdeps/x86_64/multiarch/ifunc-strcasecmp.h
+1 5
fe=(105)
-1 1

fl=(156)
fn=(512)
33 7
+2 1
cfi=(157) ./ctype/./ctype/ctype-info.c
cfn=(514) __ctype_init
calls=1 -6 
* 17
+3 1
fi=(159) ./elf/../sysdeps/nptl/pthread_early_init.h
-5 2
fe=(156)
+8 1
-3 1
fi=(159)
-5 1
cfi=(158) ./resource/../sysdeps/unix/sysv/linux/getrlimit64.c
cfn=(516) getrlimit
calls=1 +5 
* 10
* 3
+1 6
+11 1
fi=(210) ./elf/../nptl/nptl-stack.h
+13 3
fi=(159)
-13 1
fi=(210)
+13 2
fi=(159)
-4 1
fi=(210)
+4 2
fi=(159)
-6 1
fi=(210)
+6 1
fi=(159)
-12 1
+6 6
+1 1
+4 1
cfi=(160) ./nptl/./nptl/pthread_mutex_conf.c
cfn=(520) __pthread_tunables_init
calls=1 -7 
* 1060
fe=(156)
-10 3
+2 2
-2 1
cfi=(163) ./nptl/../sysdeps/unix/sysv/linux/x86/elision-conf.c
cfn=(534) __lll_elision_init
calls=1 +49 
* 147

fl=(191) ./misc/./misc/sbrk.c
fn=(724) sbrk
37 17782
+6 8891
-6 8891
+3 8891
-3 17782
+3 8891
+3 8891
+20 1
+15 315
-20 17782
+1 2
cfi=(192) ./misc/../sysdeps/unix/sysv/linux/brk.c
cfn=(726) brk
calls=1 -24 
* 9
* 2
+4 1
-1 17782
+4 35560
+8 8890
cfi=(192)
cfn=(726)
calls=8890 -39 
* 97666
* 17780
-14 8828
+18 44140

fl=(184) ./setjmp/./setjmp/sigjmp.c
fn=(690) __sigjmp_save
28 3
+2 2
-1 1
+5 3

fl=(168)
fn=(574)
46 1
+1 1
+1 1
+2 1
+1 1
+3 1
+1 1
+1 1
+33 1
+1 1
+1 1
+1 1
+1 1
+1 1
+1 1
+1 1
+1 1
+1 1
+3 1
+1 1
+9 1
+1 1
+98 1
+1 1
+8 1
+1 1
+1 1
+1 1
+1 1
+2 1
+1 1
+1 1
+1 2

fl=(87)
fn=(302)
29 1
fi=(88) ./wcsmbs/../sysdeps/x86_64/multiarch/ifunc-wcslen.h
+5 4
-1 2
+2 3
+2 2
+4 3
+3 3
fe=(87)
-15 1

fl=(99)
fn=(332)
30 1
fi=(95) ./wcsmbs/../sysdeps/x86_64/multiarch/ifunc-avx2.h
+3 5
-1 2
+2 3
+2 2
+4 3
+3 4
fe=(99)
-13 1

fl=(163)
fn=(534)
96 2
+5 1
-5 1
+5 1
-5 3
+5 3
cob=(2)
cfi=(51)
cfn=(522)
calls=1 0 
* 22
+2 4
cob=(2)
cfi=(51)
cfn=(522)
calls=1 0 
* 22
+2 4
cob=(2)
cfi=(51)
cfn=(522)
calls=1 0 
* 22
+2 4
cob=(2)
cfi=(51)
cfn=(522)
calls=1 0 
* 22
+2 4
cob=(2)
cfi=(51)
cfn=(522)
calls=1 0 
* 22
+4 3
+1 1
+1 6

fl=(160)
fn=(520)
50 2
+1 2
-1 4
+1 3
cob=(2)
cfi=(51)
cfn=(522)
calls=1 -51 
* 1016
+2 4
cob=(2)
cfi=(51)
cfn=(522)
calls=1 -53 
* 23
+2 6

fl=(128)
fn=(408)
31 1
fi=(124) ./string/../sysdeps/x86_64/multiarch/ifunc-evex.h
+4 5
-1 2
+2 3
+5 2
-3 2
+9 3
+3 4
fe=(128)
-19 1

fl=(181) ./csu/../sysdeps/nptl/libc_start_call_main.h
fn=(684) (below main)
29 4
+15 1
-15 5
+15 1
cfi=(182) ./setjmp/../sysdeps/x86_64/bsd-_setjmp.S
cfn=(686) _setjmp
calls=1 -16 
* 34
* 1
+2 2
+5 2
+1 2
+3 2
+3 6
cob=(13)
cfi=(178)
cfn=(692)
calls=1 -58 
* 6849074308

fl=(202) ./misc/../sysdeps/unix/sysv/linux/mmap64.c
fn=(810) mmap
47 17656
+3 17656
+8 35312
+2 8828

fl=(118)
fn=(380)
29 3
fi=(84) ./string/../sysdeps/x86_64/multiarch/ifunc-avx2.h
+4 15
-1 6
+2 9
+2 6
+4 9
+3 12
fe=(118)
-14 3

fl=(189) ./stdlib/../sysdeps/unix/sysv/linux/getrandom.c
fn=(710) getrandom
28 1
+1 7
+1 1

fl=(100)
fn=(336)
31 1
fi=(101) ./string/../sysdeps/x86_64/multiarch/ifunc-strcpy.h
+5 2
+1 1
-1 2
+1 2
+2 2
+4 3
+3 3
fe=(100)
-15 1

fl=(127)
fn=(406)
31 1
fi=(209)
+1 5
fe=(127)
-1 1

fl=(102)
fn=(340)
31 2
fi=(103) ./wcsmbs/../sysdeps/x86_64/multiarch/ifunc-evex.h
+4 10
-1 4
+2 6
+5 4
-3 4
+9 6
+3 8
fe=(102)
-19 2

fl=(91)
fn=(310)
29 2
fi=(88)
+5 8
-1 4
+2 6
+2 4
+4 6
+3 6
fe=(91)
-15 2

fl=(106)
fn=(348)
29 1
fi=(211) ./string/../sysdeps/x86_64/multiarch/ifunc-sse4_2.h
+1 5
fe=(106)
-1 1

fl=(125)
fn=(400)
29 1
fi=(211)
+1 5
fe=(125)
-1 1

fl=(192)
fn=(726)
35 8891
+1 35564
+1 17782
+6 63
+1 63
-5 17656
+1 17656

fl=(119)
fn=(384)
29 1
fi=(101)
+7 2
+1 1
-1 2
+1 2
+2 2
+4 3
+3 3
fe=(119)
-17 1

fl=(158)
fn=(516)
38 2
+1 7
+1 1

fl=(85)
fn=(298)
29 1
fi=(211)
+1 5
fe=(85)
-1 1

fl=(107)
fn=(350)
43 1
-6 5
+6 1

fl=(200)
fn=(798)
26 1
+1 7
+1 1

fl=(182)
fn=(686)
28 1
+2 1
+2 1
cfi=(183) ./setjmp/../sysdeps/x86_64/setjmp.S
cfn=(688) __sigsetjmp
calls=1 -2 
* 31

fl=(120)
fn=(388)
29 1
fi=(121) ./wcsmbs/../sysdeps/x86_64/multiarch/ifunc-memcmp.h
+5 2
+1 1
-1 2
+1 2
+1 2
+1 3
+2 2
+4 3
+3 3
fe=(120)
-17 1

fl=(94)
fn=(318)
31 3
fi=(95)
+2 15
-1 6
+2 9
+2 6
+4 9
+3 12
fe=(94)
-12 3

fl=(179)
fn=(662)
242 12
343 3
+1 3
cfi=(180) ./stdlib/./stdlib/cxa_atexit.c
cfn=(664) __cxa_atexit
calls=1 69 
* 71
+25 6
+6 2
-3 2
+10 2
cob=(2)
cfi=(51)
cfn=(678)
calls=1 0 
* 1012
+2 2
+8 4
cfi=(181)
cfn=(684)
calls=1 29 
* 6849074368
128 2
+6 3
+1 6
cob=(2)
cfi=(51)
cfn=(668)
calls=1 0 
* 7
* 1
+3 1
+1 2
+3 2
+1 2
-1 1
+2 7
+1 4
cob=(13)
cfi=(178)
cfn=(672)
calls=1 0 
* 12
-1 4

fl=(187)
fn=(812) _int_free
4421 26616
+10 3327
-10 9981
+10 6654
+6 16635
+1 6654
+4 13308
+8 16635
-1 6654
+1 6654
+29 3260
-20 3260
-6 3260
+6 6520
+20 13040
+14 3134
+11 2676
+2 2007
2012 2007
4527 669
+1 669
+4 2007
+2 2007
+4 1338
+2 2676
+1 669
+19 1338
4702 36597
4569 1796
+3 898
+3 2694
+7 898
-4 898
+4 1796
+3 1796
+5 2694
+3 1796
+1 1796
+1 1796
2012 2694
4601 1796
+9 1796
+5 1796
+4 898
+9 898
-1 898
+1 2694
+1 1796
+2 898
+2 1796
+5 898
+1 898
+2 2694
+1 898
+30 1796
+20 2694
3181 1760
+4 1760
-4 1760
+2 7040
+1 1760
+1 1760
4482 1760
4635 201

fn=(808) sysmalloc_mmap_fallback.constprop.0
2508 61796
+4 8828
-4 17656
+7 17656
+1 5
+3 17656
+5 8828
-1 17656
+3 70624
cfi=(202)
cfn=(810)
calls=8828 47 
* 79452
* 8828
+3 17656
+4 17656
+7 8828
+2 8828
+2 61796
2028 35312

fn=(814) unlink_chunk.constprop.0
1626 2814
+2 14070
+3 5628
+1 2814
-1 8442
+3 11256
+3 2814
+1 2814
+1 5829
+2 134
+1 402
+3 134
+14 67
+1 134
+3 5628

fn=(714) tcache_init.part.0
3235 3
+9 8
+1 3
cfn=(716) _int_malloc
calls=1 1343 
* 367
* 1
+1 2
+8 4
+7 2
+2 1
+1 2
-1 1
+1 86
+3 4

fn=(718) sysmalloc
2548 80010
+20 35560
+11 17780
+1 26670
+26 8890
+1 26670
+1 8890
+9 71116
+6 26670
+3 26670
2941 17780
+1 8890
+5 17780
+3 17780
+5 17780
-2 8890
+2 8890
-1 8890
+1 8890
-3 8890
+3 8890
+1 8890
-1 26670
+1 8890
+2 17780
+6 97790
2687 17780
+9 35560
+13 26670
+8 44450
+8 17780
+21 35312
+6 61796
cfn=(808)
calls=8828 2508 
* 459061
+2 17656
-2 8828
+2 8828
+4 8828
+14 26484
-10 17656
+2 17780
+2 26670
+6 35556
+1 61
2946 61
2773 183
+2 17658
+92 17656
-65 8828
+84 17656
+10 8829
-1 8829
+1 26487
+1 8829
+11 17658
+7 17656
+1 26484
+8 8828
+2 8828
+5 17656
+2 13308
cfn=(812)
calls=3327 4421 
* 264749
* 3327
+8 3327
+5 6654
fi=(188) ./malloc/./malloc/arena.c
565 8890
fe=(187)
2727 8890
cfi=(190) ./malloc/./malloc/morecore.c
cfn=(722) __glibc_morecore
calls=8890 25 
* 417596
+1 17780
-1 8890
+1 8890
2028 62
2729 62
2028 62
2729 62
2028 124
2730 8890
+3 17780
+33 124
2610 124
2775 2
+40 3
+22 1
+1 1
-1 1
+1 6
+2 2
+1 3
cfi=(190)
cfn=(722)
calls=1 25 
* 28
+12 2
-12 1
+12 1
2028 4
2897 4
2765 2
-36 17656
-16 3

fn=(704)
3287 155501904
+7 51833968
1343 51833966
+19 103667936
3306 103667936
+3 51833966
+10 77745585
+28 129575970
1362 23677386
3304 71032158
-63 4
cfn=(714)
calls=1 -6 
* 484
+68 2
+1 4
+1 77747349
3193 3578
+1 3578
+2 1789
+1 1789
-1 5367
+1 1789
+1 1789
3347 8945
-26 103660780
cfn=(716)
calls=25915195 1343 
* 3648200655
+1 129575975
fi=(188)
162 51830390
315 1
cfn=(708) ptmalloc_init.part.0
calls=1 -2 
* 1128
fe=(187)
1343 2

fn=(716)
1343 51830392
3771 25915196
1362 25915196
3771 207321568
1362 51830392
3811 4478330
+27 4478330
+66 25913995
+2 25913995
-2 25913995
+2 51827990
+2 10
+1 20
+6 10
-4 10
+1 10
+1 10
+2 20
+7 40
-1 20
+1 20
3181 10
3927 10
3183 10
3927 10
3181 10
3927 225
+1 132
+4 65
+1 65
+1 130
3181 65
3936 65
3185 65
3937 65
3181 65
+2 325
-6 65
+9 65
-9 65
+8 65
+1 65
1362 47352062
3811 47352062
4397 47352062
3838 47352062
+63 2241998
+62 42035
+1 3603
+1 488
cfn=(816) malloc_consolidate
calls=244 4715 
* 32208
* 2239409
3838 4478330
1362 2239165
3843 4478330
+2 4478330
+8 67665096
-10 22555032
+2 119492655
4399 51827970
3903 25913985
4399 336881805
3983 25913985
+1 25913985
-1 51827970
-1 51827970
+2 51827970
-1 1201
+1 1201
-1 2402
-1 2402
+2 2402
-2 77745555
+12 25915185
-6 25915185
+73 103660740
-67 77745556
-6 1
+73 4
-67 1278
4158 8537
-91 8537
+91 17074
-91 8537
-74 8537
3181 8537
4067 8537
3181 17074
4025 17074
3183 17074
3997 34148
+1 8537
+2 17074
+1 25611
+2 8537
+1 34148
+2 34148
-10 8537
+12 17074
+1 17074
+2 17074
+11 33660
+31 3466
+1 3466
+4 6932
+29 5778
+2 5644
+1 8466
+1 2822
-1 2822
+57 2822
+2 5644
-2 5644
+2 2822
+7 2822
-9 8466
+9 2822
-7 2822
+1 2822
+1 2822
+6 5644
-10 67
+2 134
-2 134
+2 67
+7 67
-9 201
+9 67
-7 67
+1 67
+1 67
+6 134
3994 1154
4413 233236764
2005 10
3944 10
2005 20
4060 577
+1 577
-1 577
+1 1154
+5 577
-21 577
+21 577
+1 2308
+28 590
+1 201
+1 67
-1 67
+4 134
+66 8667
3994 8667
4183 51819926
+2 3603
+3 1201
-3 1201
+3 2402
+68 51819926
+1 25909963
+1 25909963
-1 25909963
+1 25909963
+1 51819926
+1 77729889
+5 51835888
+16 15259
+2 30518
-4 41438
+8 5460
+3 10920
+2 2646
+1 2646
+1 2646
-2 10584
-27 2646
3181 577
+2 577
+2 577
-4 577
+2 2308
4071 577
3184 577
+1 577
4071 577
+73 201
4023 16586
+1 13940
+5 5071
-1 10142
+3 5071
-1 5071
+1 10142
+1 5071
+1 10142
+2 5466
+4 2733
+6 2733
-6 19131
+2 8199
+1 2733
2005 8199
4039 2338
+6 2338
-6 16366
+2 7014
+1 2338
2005 7014
4269 77721849
+3 103624124
-3 77718093
+3 103624060
-3 51811966
+3 77717946
+97 25907149
+1 51814298
+2 51814298
+3 77740077
+17 27945
+2 850
cfn=(816)
calls=425 4715 
* 56100
+3 425
-1 1275
+1 425
-1 425
3904 3359394
4299 8442
+3 5628
+2 2814
+3 5628
-3 2814
+3 5628
cfn=(814)
calls=2814 1626 
* 62980
+3 11256
+15 3798
-5 1899
+5 3798
+1 3798
+3 1899
+1 1899
+1 1899
+3 3798
+1 1899
+1 3798
+2 134
+3 536
+2 201
+1 67
2005 67
4347 67
2005 134
4341 14656
+2 5496
+1 1832
2005 1832
4347 1832
2005 4579
4347 915
2005 1830
4272 32
+2 128
+1 64
-1 408
+1 204
-3 204
+41 915
-1 915
+1 1830
3193 1731
+1 1154
+2 2308
+1 577
+1 577
4174 577
4380 25897834
-2 51795668
+2 25897834
-1 25897834
+6 25897834
-5 25897834
-3 25897834
+3 25897834
+2 25897834
-2 103591336
2005 25897834
4382 25897834
2005 51795668
4407 35560
cfn=(718)
calls=8890 2548 
* 2508489
* 8890
+1 17780
2005 26670

fn=(816)
4715 669
+17 669
-17 2676
+28 669
-28 2007
+15 669
+2 669
+13 1338
+1 1338
-1 12042
+1 12042
+62 20070
+1 5352
-31 1338
+4 1338
+2 669
+1 1338
+1 1338
+2 1338
+5 669
+2 669
-2 1338
+3 669
+9 1338
-56 1338
+4 2007
+1 2676
+8 669
-3 1338
+3 669
-3 669
+4 669
-4 669
+5 669
-5 669
+5 1338
+2 1338
+9 1338

fl=(89)
fn=(306)
29 2
fi=(90) ./string/../sysdeps/x86_64/multiarch/ifunc-memset.h
+21 10
+3 6
+7 4
+9 4
+2 4
+10 4
+8 4
+2 10
fe=(89)

fl=(97)
fn=(324)
28 1
fi=(84)
+5 5
-1 2
+2 3
+2 2
+4 3
+3 4
fe=(97)
-15 1

fl=(110)
fn=(358)
29 2
fi=(111) ./string/../sysdeps/x86_64/multiarch/ifunc-memcmp.h
+5 4
+1 2
-1 4
+1 4
+1 4
+1 6
+2 4
+4 6
+3 6
fe=(110)
-17 2

fl=(190)
fn=(722)
25 8891
+1 17782
-1 8891
+4 8891
cfi=(191)
cfn=(724)
calls=8891 +8 
* 328777
+1 17782
+4 126
-7 8828
+7 17656

fl=(122)
fn=(392)
33 1
fi=(101)
+3 2
+1 1
-1 2
+1 2
+2 2
+4 3
+3 3
fe=(122)
-13 1

fl=(96)
fn=(322)
61 2
-20 4
+1 2
-1 4
-1 4
+2 4
+2 4
+4 6
+3 6
+10 2

fl=(116)
fn=(374)
29 1
fi=(101)
+7 2
+1 1
-1 2
+1 2
+2 2
+4 3
+3 3
fe=(116)
-17 1

fl=(123)
fn=(396)
29 1
fi=(124)
+6 5
-1 2
+2 3
+5 2
-3 2
+9 3
+3 4
fe=(123)
-21 1

fl=(98)
fn=(328)
29 3
fi=(93) ./string/../sysdeps/x86_64/multiarch/ifunc-memmove.h
+24 9
-1 6
+4 9
+14 6
+2 6
+8 6
+8 6
+2 15
fe=(98)

fl=(169)
fn=(576)
83 1
+1 4
+1 3
+1 3
+2 1

fl=(83)
fn=(294)
31 2
fi=(84)
+2 10
-1 4
+2 6
+2 4
+4 6
+3 8
fe=(83)
-12 2

fl=(112)
fn=(362)
31 2
fi=(113) ./wcsmbs/../sysdeps/x86_64/multiarch/ifunc-wmemset.h
+2 10
+1 6
+2 4
+8 6
+3 8
fe=(112)
-16 2

fl=(117)
fn=(378)
31 1
fi=(209)
+1 5
fe=(117)
-1 1

fl=(92)
fn=(314)
29 3
fi=(93)
+24 9
-1 6
+4 9
+14 6
+2 6
+8 6
+8 6
+2 15
fe=(92)

fl=(104)
fn=(344)
66 3
-25 12
+1 9
+2 6
+5 9
+3 9
+14 3

fl=(114)
fn=(366)
29 1
fi=(84)
+4 5
-1 2
+2 3
+2 2
+4 3
+3 4
fe=(114)
-14 1

fl=(126)
fn=(402)
33 1
fi=(93)
+20 3
-1 2
+4 3
+14 2
+2 2
+8 2
+8 2
+2 5
fe=(126)

fl=(183)
fn=(688)
30 1
+2 1
+9 1
+1 2
+1 1
+4 1
+1 1
+1 1
+1 1
+1 1
+2 2
+2 1
+1 1
+1 1
+2 2
+2 1
+5 1
+1 1
+17 1
cfi=(184)
cfn=(690)
calls=1 -56 
* 9

fl=(188)
fn=(708)
313 1
fi=(187)
3162 3
fe=(188)
313 5
+5 1
fi=(187)
3162 2
cfi=(189)
cfn=(710)
calls=1 28 
* 9
* 2
fe=(188)
343 2
+4 3
fi=(187)
1966 4
+3 1
-3 1
+3 2
-3 2
+3 126
-3 126
+3 252
-3 252
fe=(188)
352 3
fi=(187)
1977 1
+1 1
+2 1
fe=(188)
352 1
cob=(2)
cfi=(51)
cfn=(522)
calls=1 0 
* 23
+1 4
cob=(2)
cfi=(51)
cfn=(522)
calls=1 0 
* 22
+1 4
cob=(2)
cfi=(51)
cfn=(522)
calls=1 0 
* 23
+1 4
cob=(2)
cfi=(51)
cfn=(522)
calls=1 0 
* 23
+1 4
cob=(2)
cfi=(51)
cfn=(522)
calls=1 0 
* 22
+1 4
cob=(2)
cfi=(51)
cfn=(522)
calls=1 0 
* 23
+1 4
cob=(2)
cfi=(51)
cfn=(522)
calls=1 0 
* 23
+2 4
cob=(2)
cfi=(51)
cfn=(522)
calls=1 0 
* 23
+1 4
cob=(2)
cfi=(51)
cfn=(522)
calls=1 0 
* 23
+1 4
cob=(2)
cfi=(51)
cfn=(522)
calls=1 0 
* 23
+3 4
cob=(2)
cfi=(51)
cfn=(522)
calls=1 0 
* 23
+1 4
cob=(2)
cfi=(51)
cfn=(522)
calls=1 0 
* 23
+1 2
+63 7

fl=(115)
fn=(370)
31 1
fi=(84)
+2 5
-1 2
+2 3
+2 2
+4 3
+3 4
fe=(115)
-12 1

fl=(194)
fn=(734)
30 2
+3 1
-3 8
+3 6
+8 10
+2 7

fl=(86)
fn=(300)
65 2
-24 4
+1 2
-1 4
+1 4
+2 4
+5 6
+3 6
+13 2

fl=(108)
fn=(352)
29 1
fi=(101)
+7 2
+1 1
-1 2
+1 2
+2 2
+4 3
+3 3
fe=(108)
-17 1

fl=(157)
fn=(514)
29 1
+2 7
+2 4
+2 4
+1 1

fl=(81)
fn=(290)
86 1
fi=(82) ./string/../sysdeps/x86/cacheinfo.h
-25 1
+3 3
+2 1
+1 1
-1 2
+7 3
+2 1
+1 1
-1 2
+5 2
+2 2
+1 2
+1 2
+2 2
fe=(81)
* 2

fl=(109)
fn=(356)
31 1
fi=(209)
+1 5
fe=(109)
-1 1

fl=(180)
fn=(664)
69 9
-28 2
+2 6
+1 2
cfn=(666) __new_exitfn
calls=1 +38 
* 32
+2 2
+10 1
+2 1
-5 3
+3 1
-1 1
+4 2
+1 1
-1 2
+12 6

fn=(666)
82 1
+6 2
-6 4
+11 4
-10 2
+12 4
-2 1
+10 1
-10 3
+45 1
+5 1
-4 1
+4 4
-18 1
-1 1
+1 1

fl=(195)
fn=(738)
25 2
+1 12
+1 2

fl=(129)
fn=(414)
42 1
fi=(212) ./time/../sysdeps/unix/sysv/linux/dl-vdso.h
-2 2
+1 2
fe=(129)
+1 2

ob=(5)
fl=(165)
fn=(562)
0 5

fn=(554)
0 12

ob=(10)
fl=(174)
fn=(622)
0 12

ob=(8)
fl=(172)
fn=(602)
0 12

totals: 6849612047
